16 februarie,44.466667,26.033333
1 decembrie,44.290833,26.058056
1 mai,46.983333,21.983333
23 august,45.516667,22.433333
23 august,44.7125,22.765833
23 august,46.2,28.016667
23 mila,45.183333,29.4
2 mai,43.783333,28.583333
30 decembrie,46.333333,27.85
30 decembrie,44.283333,26.05
6 martie,44.766667,28.883333
6 martie,46.4,27.533333
abafaja,46.75,24.7
abasfalva,46.25,25.433333
abdulah,44.083333,28.483333
abram,47.316667,22.383333
abramut,47.316667,22.25
abranfalva,46.216667,25.283333
abrud,46.266667,23.066667
abrud,44.15,27.983333
abrud-sat,46.283333,23.066667
abrudsat,46.233333,23.05
abrud-sat-buninginea,46.233333,23.033333
abrud-sat-ciuruleasa,46.25,23.033333
abrudsat-cristea,46.3,23.033333
abrudsat-seliste,46.283333,23.083333
abrud-sat-soharu,46.266667,23.05
abucea,45.9,22.533333
abud,46.516667,24.916667
abus,46.35,24.383333
academia,46.35,27.65
acas,47.533333,22.783333
acatar,46.483333,24.633333
acbasi,43.8,28.433333
ac cadan,45.066667,28.533333
achillea,45.416667,29.283333
achimetesti,46.383333,22.8
aciliu,45.833333,23.883333
aciua,47.683333,23.366667
aciura,46.333333,22.483333
acmariu,45.966667,23.366667
acris,45.65,25.983333
acsfalva,46.283333,22.45
adakale,44.716667,22.45
adalin,47.016667,23.45
adam,46.033333,27.716667
ada marinescu,45.15,28.916667
adamas,46.55,26.083333
adamclisi,44.083333,27.95
adamesti,46.566667,23.8
adamesti,44,25.266667
adamus,46.3,24.233333
adanca,44.933333,25.6
adancata,44.483333,23.733333
adancata,44.15,27.883333
adancata,47.733333,26.3
adancata,44.766667,26.433333
adaseni,48.066667,26.933333
adea,46.55,21.583333
adincata,44,24.95
adjud,46.1,27.166667
adjudeni,47.016667,26.933333
adjudul-vechi,46.133333,27.183333
adjudu nou,46.15,27.166667
adom,47.433333,22.183333
adrian,46.783333,24.833333
adrian,47.9,23.133333
adrianul mare,46.483333,24.8
adrianul mic,46.5,24.783333
adunati,44.15,23.916667
adunati,45.133333,25.616667
adunatii-copaceni,44.253333,26.0475
adunatii sirbeni,44.466667,25.383333
adunatii teiului,44.516667,23.05
afanata,44.716667,23.966667
afrimesti,44.483333,24.766667
afumati,44.766667,24.466667
afumati,45.4,26.55
afumati,44,23.466667
afumati,46.35,27.45
afumati,44.516667,26.266667
aga,45.872222,21.675556
agafeni,47.2,26
agafton,47.716667,26.6
agapia,47.166667,26.283333
agarbiciu,46.766667,23.283333
agarbiciu,46.066667,24.2
agarcia,46.916667,26.283333
agard,46.55,24.666667
agas,46.483333,26.216667
agastin,46.533333,26.366667
agaua,44.833333,28.066667
agemier,44.016667,28.266667
aghires,46.883333,23.25
aghires,47.166667,23.05
agigea,44.083333,28.616667
agi geul,45.05,28.866667
agirbiciu,46.55,23.916667
agnita,45.966667,24.616667
agostin,46.05,25.55
agries,47.4,24.15
agriesel,47.383333,24.183333
agries-lunca,47.4,24.133333
agrij,47.066667,23.133333
agris,46.516667,22.033333
agris,46.266667,21.766667
agris,46.583333,23.516667
agris,47.883333,23.016667
agristeu,46.383333,24.683333
agrisu de jos,47.15,24.233333
agrisu de sus,47.15,24.216667
agudu,45.2,26.733333
agyagfalva,46.25,25.183333
aigar-amet,44.916667,28.233333
aimasul mare,46.1,23.133333
ainad,46.483333,25.833333
aisesti,44.966667,23.866667
aita de mijloc,45.983333,25.583333
aita mare,45.966667,25.55
aita seaca,46.033333,25.683333
aiton,46.683333,23.733333
aiud,46.3,23.716667
aiudu de sus,46.316667,23.683333
ajbental,44.543333,22.153889
alacap,44.216667,28.4
alamor,45.933333,23.983333
alba,48.166667,26.466667
albac,46.45,22.966667
alba iulia,46.066667,23.583333
albeanu-manciulescu,44.4,26.5
albeasca,44.983333,24.783333
albele,46.366667,26.666667
albele-bai,45.883333,23.8
albeni,46.466667,26.85
albeni,45.033333,23.6
albeni,44.4,25.25
albescii,44.983333,26.9
albesli,44.366667,23.766667
albesti,46.766667,22.25
albesti,47.7,27.066667
albesti,43.8,28.416667
albesti,46.233333,24.85
albesti,44.533333,27.133333
albesti,47.183333,27.1
albesti,44.7,24.45
albesti,44.066667,25.116667
albesti,46.5,27.866667
albesti,45.216667,24.666667
albesti,45.316667,25
albesti-de mur,44.95,26.2
albestii bistritei,46.983333,24.466667
albestii-paleolog,44.95,26.216667
albeta,45.116667,24.116667
albi,45.916667,24.166667
albina,45.183333,27.866667
albina,44.733333,28.2
albina,44.633056,22.9625
albina,45.716667,21.366667
albina,46.65,27.366667
albinari,45.216667,26.15
albis,47.4,22.25
albis,45.933333,26
albita,46.796667,28.141944
albota de jos,44.766667,24.833333
albota de sus,44.783333,24.85
albotesti,46.466667,26.483333
albrechtsflor,45.9575,20.496389
albule,45.05,25.066667
albulesti,44.516667,23.2
albutele,44.916667,25.05
alcazi,46.516667,26.966667
alcsil,46.283333,22.266667
aldasos,46,22.216667
aldeni,45.316667,26.75
aldesti,46.783333,26.866667
aldesti,44.7,24.383333
aldesti,46.133333,27.9
aldesti,45.066667,24.433333
aldoboly,45.783333,25.75
aldofalva,46.383333,22.033333
aldorf,47.166667,24.516667
alecsandri,46.7,27.133333
alecus,46.283333,23.983333
alesd,47.066667,22.416667
alesi,44.633333,25.833333
aleus,47.15,22.633333
alexanderhausen,45.925,20.890278
alexandra-cel-bun,47.45,27.3
alexandria,46.233333,25.316667
alexandria,43.983333,25.333333
alexandria,45.266667,24.816667
alexandri,44.8,28.5
alexandrina,46.4,26.883333
alexandrina,43.816667,25.45
alexandru cretu,46.483333,27.516667
alexandru ioan cuza,47.133333,26.85
alexandru ioan cuza,44.466667,26.516667
alexandru juganaru,46.333333,27.433333
alexandru lahovari,44.165833,25.561667
alexandru odobescu,45.5,26.933333
alexandru odobescu,44.266667,27.083333
alexandru vaida voevod,45.583333,27.15
alexandru vlahuta,46.416667,27.633333
alexandru vlahuta,45.533333,27.1
alexeni,47.316667,25.133333
alexeni,45.133333,23.25
alexeni,46.966667,27.35
alexeni,44.683333,26.7
alexesti,46.883333,27.433333
alfalu,46.7,25.5
alibei-ceair,44.183333,28.65
aliceni,45.266667,26.866667
aliceni,47.966667,23.3
alifaca,44.766667,28.4
aliman,44.183333,27.85
aliman,43.916667,25.066667
alimanesti,44.266667,24.533333
alimpesti,45.083333,23.8
alios,46.033333,21.483333
aliza,47.683333,22.716667
alma,46.216667,24.483333
almagea,44.95,28.433333
alma intre vii,46.05,24.433333
almajel,44.383333,23.033333
almajiu,44.45,23.716667
almalau,44.083333,27.35
almas,46.083333,22.433333
almas,46.083333,26.233333
almas,47.016667,26.333333
almas-saliste,46.066667,22.516667
almasu,46.95,23.133333
almasu de mijloc,46.066667,23.1
almasul mare,47.316667,22.533333
almasul-mic,47.316667,22.516667
almasul mic,45.816667,22.9
almasul-mic-de-munte,46.05,23.083333
almasul sec,45.85,22.866667
almasu mic,47.166667,22.133333
almenes,46.25,21.983333
al moecs,45.483333,25.316667
alparea,47.033333,22.05
alsobencsek,45.9,21.433333
alsoboldogfalva,46.266667,24.983333
alsobolkeny,46.733333,24.8
alsocsernaton,45.95,26.033333
alsodombro,46.1,22.066667
alsofeketevolgy,46.566667,22.483333
alsofuves,46.483333,22.5
alsohomorod,47.666667,23.083333
alsoidecs,46.8,24.75
alsokimpany,46.516667,22.516667
alsokoher,46.683333,24.883333
also koroknya,46.316667,22.283333
alsokoves,46.033333,22.1
alsokristyor,46.433333,22.533333
alsoksaly,47.166667,23.883333
alsopoeny,46.6,22.5
alsorepa,46.933333,24.766667
alsosofalva,46.533333,25.133333
alsoszakacs,46.216667,22.3
alsosztamora,45.2875,21.250833
alsotamasd,46.016667,22.483333
alsovroszi,46.716667,24.9
alsozorlenc,45.450556,21.956111
alszeg,46.05,26.266667
altan-tepe,44.783333,28.6
altarad,46.183333,21.316667
alt-beba,46.133333,20.316667
altbeschenowa,46.05,20.483333
altina,45.933333,24.466667
alt-paulisch,46.116667,21.583333
altringen,45.983333,21.55
alt-tohan,45.566667,25.366667
alun,45.7,22.683333
alungeni,46.016667,26.016667
alunis,47.033333,23.75
alunis,45.083333,25.283333
alunis,44.733333,23.633333
alunis,46.9,24.816667
alunis,47.383333,23.283333
alunis,45.2,25.866667
alunisu,44.716667,24.55
alunisu,46.833333,22.95
alunisu,45.066667,24.6
alunisu,44.716667,25.733333
alunisu,44.35,26.05
alunisu de sus,44.75,24.533333
alunisul,47.4,24.283333
alunisul,44.633333,22.866667
alunisul,47.883333,26.266667
alunisul,45.3,24.766667
alunu,45.683333,23.1
alunu,45.016667,23.816667
alverc,45.383333,21.75
amara,45.25,27.283333
amara,44.616667,27.316667
amarasti,44.766667,24.15
amarasti-de-jos,43.95,24.166667
amarastii de sus,43.983333,24.15
amaru,44.933333,26.583333
amat,47.75,22.916667
ambru,46.383333,23.283333
ambud,47.766667,22.95
amnas,45.85,23.9
ampoita,46.116667,23.45
amzacea,43.95,28.4
amzulesti,44,23.483333
anadolchioi,44.2,28.633333
analog,46.633333,27.233333
andacs,46.816667,21.7
andici,46.65,23.95
andolina,44.2,27.033333
andrasesti,44.566667,27.133333
andrasfalva,46.35,25.016667
andreesti,45.2,27.216667
andreesti,44.783333,23.533333
andreesti,44.816667,24.2
andreiasu de jos,45.75,26.833333
andreiasu de sus,45.716667,26.866667
andreica,45.866667,21.566667
andrei saguna,46.283333,21.35
andreneasa,46.95,25.05
andrid,47.516667,22.35
andrieseni,47.533333,27.283333
andriesesti,46.633333,26.833333
androeni,45.35,23.233333
andronache,44.483333,26.15
andronesti,47.333333,25.116667
angelesti,45.066667,23.85
anghelesti,46.25,23.2
anghelesti,46.083333,27.05
anghelesti,45.1,24.116667
anghelesti,44.336389,25.641111
anghelus,45.883333,25.883333
angheluta,46.333333,27.5
anghinesti,45.083333,24.666667
angofa,46.216667,24.8
angyalkut,46.116667,21.4
anies,47.416667,24.766667
anina,45.079444,21.856944
anini,45.366667,26.466667
aninisiu-din-vale,45.166667,23.6
aninisu din deal,45.183333,23.616667
aninoasa,45.666667,26.033333
aninoasa,44.966667,25.433333
aninoasa,45.4,23.333333
aninoasa,44.75,23.483333
aninoasa,45.183333,24.933333
aninosani,45.066667,25.233333
anlas,47.116667,23.583333
antaloc,46.566667,25.983333
ant,46.666667,21.466667
antoceni,47.333333,26.483333
antofiloaia,44.866667,26.15
antohesti,46.55,27.233333
antonesti,46.566667,25.966667
antonesti,44.716667,23.283333
antonesti,44.116667,25.183333
apa,47.766667,23.2
apadia,45.383333,22.05
apahida,46.816667,23.75
apa neagra,45,22.866667
aparatorii patriei,44.383333,26.116667
apa sarata,45.233333,25
apata,45.95,25.516667
apateu,46.616667,21.783333
apateu,46.966667,21.933333
apateu,47.766667,23
apatiu,47,24.183333
apele vii,44.066667,24.066667
apold,46.116667,24.816667
apoldu de jos,45.866667,23.85
apoldu de sus,45.85,23.833333
aposdorf,46.033333,24.55
apostari,45.483333,26.666667
apostarii,45.5,26.8
apostolache,45.133333,26.266667
aprodu purice,47.266667,26.416667
aprozi,44.266667,26.5
arabagi,44.166667,27.966667
araci,45.816667,25.65
arada,46.5,22.95
aradkovi,46.166667,21.583333
aradul nou,46.15,21.316667
arama,47.4,27.116667
arama,47.4,25.566667
aramesti,46.766667,26.816667
aramoaia,47.066667,26.616667
arancata,46.733333,23.966667
araneag,46.25,21.783333
aranghel,45.116667,24.316667
aranies,45.8,22.733333
aranyag,45.85,21.516667
arbora,47.483333,27.216667
arborea,48.05,26.516667
arbore,47.733333,25.933333
arcalia,47.083333,24.35
arcani,45.083333,23.133333
arcanu,44.833333,26.983333
arcesti,44.466667,24.216667
arcesti-cot,44.45,24.266667
archia,45.85,22.9
archid,47.35,23.016667
archita,46.183333,25.083333
archiud,46.9,24.466667
arcidava,45.078333,21.546944
arcio,46.5,25.166667
arcuda,44.483333,25.866667
arcus,45.9,25.766667
ardan,47.033333,24.683333
ardeal,44.966667,28.316667
ardedani,46.533333,26.6
arded,47.633333,22.883333
ardeleni,43.833333,25.65
ardeluta,46.883333,26.133333
ardeova,46.8,23.116667
arderea,44.916667,23.133333
ardeu,46.016667,23.133333
ardusat,47.65,23.366667
arduzal,47.45,23.266667
arefii,45.333333,24.6
argasalesti,45.5,26.416667
argea,46.033333,27.25
argel,47.766667,25.466667
argesani,45.066667,24.7
argeselu,44.916667,24.883333
argestru,47.383333,25.333333
argesu,44.266667,26.05
argetoaia,44.516667,23.366667
argetoaia de jos,44.5,23.4
argetoeni,44.2,24.15
arghira,47.45,26.466667
arghirescu,46.416667,27.8
arghiresu,46.95,23.233333
arginesti,44.566667,23.416667
argintari,45.1,24.366667
arianu,44.783333,23.233333
aricesti,45.216667,26.166667
aricesti-de-sus,44.95,25.833333
aricestii de jos,44.933333,25.833333
aricioaia,44.933333,24.2
ariciu,45.366667,27.5
arieseni,46.483333,22.766667
ariesu de cimpie,47.65,23.4
ariesu de padure,47.583333,23.466667
arin,47.35,25.433333
arini,47.516667,26.633333
arini,45.883333,25.55
arinii,47.8,26.15
arinis,47.5,23.233333
arionestii noi,44.983333,26.233333
ariusd,45.783333,25.683333
arjoci,44.979167,22.9525
arkis,46.483333,22.05
armadia,45.683333,21.966667
armag,45.798889,21.500833
arman-bercu,44.866667,28.1
armandombja,46.883333,25.383333
armaseni,46.35,25.966667
armaseni,46.8,27.983333
armasenii,46.85,27.25
armasenii noi,46.333333,25.966667
armasesti,45.016667,24.016667
armasesti,44.75,26.583333
armasoaia,46.7,27.4
armeni,45.966667,23.966667
armeni,45.616667,27.2
armenis,45.2,22.316667
armenis,46.433333,24.833333
armutile,43.883333,28
armutlia,44.983333,28.616667
arnota,44.766667,24.816667
aromesti,46.416667,23.133333
aroneanu,47.2,27.6
arpadia,44.633333,23.566667
arpadia,44.1,24.683333
arpas,45.783333,24.616667
arpasel,46.733333,21.716667
arpasu de sus,45.733333,24.616667
arsa,43.85,28.466667
arsache,43.783333,25.783333
arsanca,45,24.233333
arsele,45.45,26.3
arseneasa,47.516667,25.366667
arseni,45.166667,23.433333
arsica,46.916667,24.5
arsita,47.716667,24.433333
arsita,46.55,27.616667
arsita,45.733333,26.833333
arsura,46.813333,28.022222
arsuri,45.116667,22.416667
arsuri,44.733333,25.316667
arsuri,45.45,23.266667
arsurile,45.15,23.316667
artari,47.75,26.366667
artari,44.566667,26.666667
artaru,44.983333,23.333333
arti,45.766667,23.633333
arva,44.983333,26.15
arva,45.766667,26.966667
arvateasca,43.95,24.366667
arvateni,46.266667,25.3
arvatesti,44.566667,22.916667
asan aga,44.116667,25.633333
asan,44.3,26
asarlacul,44.016667,27.883333
asau,46.433333,26.4
asau,46.316667,25.9
aschileu dorna,46.983333,23.483333
aschileul-mare,46.983333,23.5
aschileul-mic,46.983333,23.45
ascilar,43.883333,28.533333
ascutitele,47.35,25.25
asinip,46.3,23.883333
aslanesti,46.3,22.75
aspra,47.383333,23.716667
asszodpatak,46.966667,25.7
astilau,47.033333,22.383333
astra,45.633333,25.583333
asuagiul-de-jos,47.533333,23.233333
asuagiul-de-sus,47.566667,23.183333
aszoirtas,46.416667,22.533333
ata,46.816667,25.9
atarnati,45.066667,26.6
atarnati,44.366667,23.75
atarnati,44.216667,22.783333
atarnati,44.216667,24.183333
atarnati,43.9,25.45
atarnati,44.1,26.633333
atarnati,44.666667,25.566667
atarnati,44.55,25.949722
atarnatii,44.283333,24.35
atarnatii,45.15,26.2
atea,47.866667,22.783333
ateas,46.916667,21.616667
atel,46.15,24.466667
atia,46.483333,25.133333
atid,46.45,25.05
atintis,46.433333,24.1
atirnati,44.85,27.95
atirnati,45.683333,27.516667
atirnati,44.3,24.8
atirnati-balacesti,44.5,23.366667
atirnati de jos,44.466667,22.716667
atreiaparte,46.85,27.233333
audia,47.066667,26.05
aurei,45.133333,24.916667
aurelhaza,45.672222,20.930556
aurel vlaicu,45.916667,23.266667
aurel vlaicu,48,26.916667
auresti,44.766667,24.266667
aurora,44.191389,22.939167
aurora banatului,45.083333,21.85
auseu,47.033333,22.5
avantul,45.283333,27.55
averesti,46.783333,27.983333
averesti de sus,46.866667,27.033333
averestii de jos,46.85,27.05
avintu,47.283333,27.316667
avramdancu,46.383333,22.783333
avrameni,48.016667,26.95
avramesti,46.466667,22.766667
avramesti,46.333333,25.016667
avramesti,46.483333,24.1
avramesti,46.55,27.366667
avramesti,44.833333,24.2
avramesti,45.316667,26.25
avrig,45.716667,24.383333
axente sever,46.1,24.216667
axintel,44.6,26.783333
azaclau,45.45,28.05
azaplar,43.883333,28.366667
azigia,44.283333,28.083333
azuga,45.45,25.55
baba ana,44.966667,26.45
baba,47.35,23.75
babadag,44.9,28.716667
babaita,44.166667,25.383333
babana,44.9,24.7
baba nicula,47.083333,27.55
baba novac,47.633333,22.833333
babaroaga,44.533333,25.2
babarunca,45.616667,25.7
babasesti,47.766667,23.1
babdiu,47.116667,23.7
babeanu,44.266667,24.083333
babele,44.313889,25.751111
babeni,45.45,26.983333
babeni,47.3,23.4
babeni,44.966667,24.233333
babeni-bistrita,44.983333,24.25
babeni-oltetu,44.616667,23.983333
babesti,47.966667,23.083333
babeti,45.316667,26.383333
babiceni,47.75,27.066667
babiciu,44.033333,24.566667
babiciul-mostenesc,44.05,24.55
babiu,46.95,23.066667
baboasa,47.033333,24.183333
babsa,45.809722,21.785278
babta,47.466667,22.933333
babucesti,45.233333,26.6
babuesti,45.2,24.416667
babusa,46.8,27.216667
babuta,46.616667,27.35
babutiu,46.933333,23.516667
bacaia,46.016667,23.183333
bacainti,45.95,23.283333
bacalesti,44.066667,24.816667
bacani,46.333333,27.666667
bacanu,44.416667,25.816667
bacaoani,46.583333,27.766667
bacau,46.566667,26.9
bacau de mijloc,45.966667,22.1
bac cuius,44.15,27.833333
bacea,45.95,22.666667
bacea,44.4,24.633333
bacel,45.766667,25.816667
baceni,45.35,26.583333
baceni,44.433333,24.7
bacesti,46.383333,22.933333
bacesti,44.933333,24.7
bacesti,45.083333,25.566667
bacesti,44.75,23.683333
bachnea,46.366667,24.483333
bachovar,45.665,21.553056
bacia,45.8,23.016667
bacifalau,45.6,25.666667
bacioiu,46.316667,27.15
baciu,46.8,23.516667
baciu,44.28,22.815
baciu,44.333333,25.433333
baciul-postei,44.316667,25.433333
baclesti,46.35,27.433333
baclesu,44.483333,23.133333
bacu,46.95,27.433333
bacu,44.481944,25.8875
baczkamadaras,46.483333,24.7
badacin,47.25,22.85
badai,46.3,22.883333
badarai,44.816667,24.483333
badarai,47.583333,27.383333
badarlegiul,45.416667,26.316667
badea,44.866667,23.883333
badei,46.216667,25.35
badeni,45.1,26.55
badeni,46.483333,23.733333
badeni,45.166667,25.4
badeni,47.4,26.95
badeni,44.9,24.433333
badeni,45.25,25.183333
badenii miluitii,44.966667,26.683333
badeni-paminteni,45.233333,25.166667
badesti,44.833333,25.016667
badesti,46.966667,23.633333
badesti,44.683333,23.466667
badesti,44.4,24.766667
badestii,45.166667,24.85
badeut,47.816667,25.983333
badia,44.283333,24.55
badicea,44.75,24.7
badiceni,45.066667,24.783333
badila,45.266667,26.5
badila,45.183333,28.466667
badila,45.2,24.733333
badilita,47.316667,26.783333
badina,45,22.466667
badinesti,45.466667,26.716667
badislava,45.166667,24.5
badislavoaia,45.016667,25.466667
baditesti,44.633333,22.883333
baditioiul,44.983333,23.883333
badiut,47.783333,27.216667
badon,47.25,22.983333
badosi,44.133333,23.883333
badragi,47.866667,26.166667
baduleasa,43.933333,24.983333
badulesti,44.833333,24.583333
badulesti,44.766667,25.25
baesti,45.533333,23.016667
baesti,45.316667,26.783333
baesti,44.883333,23.85
bagaciu,46.883333,23.95
bagaciu,46.266667,24.366667
bagara,46.066667,22.633333
bagara,46.866667,23.316667
bagau,46.3,23.8
bagau,46.55,27.916667
bagdad,45.133333,27.366667
bageni,44.85,24.033333
bagesti,44.916667,24.566667
bagina,45.033333,22.416667
bagula,44.933333,26.3
bahluiu,47.366667,26.983333
bahna arini,47.45,26.416667
bahna,46.783333,26.783333
bahna,44.775556,22.5
bahna,46.883333,26.566667
bahna,46.216667,26.65
bahnari,46.65,27.8
bahnaseni,46.566667,26.583333
bahnele,45.633333,26.733333
bahneni,45.15,24.933333
bahnisoara,46.75,26.783333
bahnita-gunoaia,46.416667,27.333333
baia,45.683333,23.316667
baia,44.716667,28.666667
baia,47.416667,26.216667
baia craiului,45.683333,22.816667
baia de arama,45,22.806667
baia de cris,46.166667,22.716667
baia de fier,45.166667,23.766667
baia de petrol,46.55,26.516667
baia episcopiei,47.05,21.933333
baia mare,47.666667,23.583333
baia noua,44.555,22.124444
baiasa,44.916667,24.083333
baiasesti,47.483333,26.116667
baia sfinta cruce,46.333333,25.516667
baia-sprie,47.666667,23.7
baiasu,45.366667,24.4
bai,46.366667,22.916667
bai,46.6,25.066667
baica,47.083333,23.3
baicani,44.583333,23.733333
baicani,46.316667,27.383333
baicani,45.083333,24.683333
baiceni,47.7,26.65
baiceni,47.3,26.916667
baicoi,45.033333,25.85
bai de pucioasa,47.45,25.333333
baiesi,45.9,23.4
baila,44.8,25.133333
baile,45.3,27.35
baile,44.233333,28.616667
baile bizusa,47.35,23.6
baile boboci,45.083333,26.4
baile borsa,47.683333,24.716667
baile chirui,46.3,25.583333
baile ciineni,45.2,27.316667
baile codlea,45.7,25.433333
baile dranceni,46.813611,28.100833
baile eforia,44.066667,28.633333
baile erculane,44.879722,22.4125
baile geoagiul,45.933333,23.166667
baile govora,45.083333,24.183333
baile harghita,46.35,25.8
baile homord,46.05,25.266667
baile lacul saral,45.216667,27.916667
baile lipova,46.066667,21.7
baile malnas,46.033333,25.816667
baile olanesti,45.2,24.233333
baile ozunca,46.083333,25.8
baile pucioasa,45.083333,25.416667
baile rodbav,45.9,24.85
baile sintimbru,46.283333,25.866667
baile siriu,45.533333,26.2
baile slanic,46.2,26.433333
bailesti,44.016667,23.35
baile tartului,48.016667,23.266667
baile tusnad,46.15,25.85
baile vulcan,45.083333,25.383333
baile zauan,47.25,22.65
baimac,46.616667,27.216667
bai minerale,46.333333,25.783333
bainet,47.966667,25.95
bairamdede,43.966667,28.083333
baisa,47.716667,26.566667
baisoara,46.583333,23.466667
baita,46.033333,22.9
baita,47.033333,23.866667
baita,47.7,23.5
baita,46.833333,24.533333
baita,47.533333,23.15
baiut,47.616667,24
baja,46.083333,22.166667
bajanesti,44.866667,24.7
bajani,45.166667,26.866667
bajesti,44.85,24.55
bajesti,44.833333,25.5
bajestii,45.033333,24.933333
bajletul-govora,44.85,24.583333
bajnegi,45.083333,23.45
bajnokfalva,46.4,22.2
bajura,48.2,26.533333
bala,44.883889,22.833333
bala,46.716667,24.5
balabancea,45.066667,28.416667
balabanesti,46.1,27.716667
balabani,45.15,25.133333
balaca,45,26.016667
balaceana,47.633333,26.05
balaceanca,44.4,26.283333
balaceanu,45.266667,27.15
balaceanu,44.683333,28.083333
balacesti,44.95,23.15
balacia,46.183333,22.5
balaci,44.35,24.916667
balacita,44.383333,23.133333
balaciu,44.933333,23.933333
balaciu,44.633333,26.883333
balaciu de jos,44.616667,26.883333
bala de sus,44.896111,22.810833
balaea,46.566667,27.183333
balaesti,44.483333,23.633333
balaia,47.1,22.183333
balalai,45.566667,26.916667
balaleni,46.6,22.383333
balamuci,44.666667,26.333333
balana,45.683333,22.833333
balan,46.65,25.816667
balan,45.483333,22.85
balan,47.15,23.333333
balan,43.916667,25.916667
balanca grosi,46.933333,22.6
balaneasa,46.383333,26.733333
balanesti,45.066667,23.4
balanesti,46.95,26.616667
balanesti,44.25,24.483333
balanesti,46.2,27.35
balanesti,45.183333,23.983333
balanesti,45.6,26.95
balanesti,44.683333,25.75
balanesti-olari,45.15,24
balani,45.083333,23.266667
balanoaia,43.95,25.933333
balanu,46.8,26.516667
balaria,44.241667,25.818889
balarii,43.75,25.733333
balasesti,44.616667,27.55
balasesti,46.1,27.666667
balasoeni,44.4,25.766667
balasoiu,44.716667,23.9
balasu,44.633333,26.466667
balaszcsere,46.683333,24.75
balata,45.916667,22.933333
balatau,46.583333,26.416667
balateni,46.316667,27.683333
balauseri,46.4,24.683333
balavanis,46.616667,26.05
balazsd,45.583333,21.483333
balazsfalva,46.183333,23.916667
balca,46.133333,26.966667
balcaciu,46.183333,24.066667
balcani,46.633333,26.55
balcauti,47.9,26.083333
balc,47.283333,22.533333
balcescu nicolae,46.466667,26.916667
balcescu nicolae,47.566667,26.866667
balcescu nicolae,45.35,27.616667
balcescu nicolae,44.383333,28.383333
balcescu nicolae,45,28.583333
balcescu nicolae,46.916667,26.916667
balcescu nicolae,44.283333,27.066667
balcesti,46.666667,23
balcesti,45.1,23.633333
balcesti,44.616667,23.95
balcesti,44.983333,24.433333
balcetei,44.6,23.95
balciu,47.133333,27.516667
balcuta,46.183333,27.05
balda,46.733333,24.15
baldana,44.6,25.783333
baldovin,46.2,22.716667
baldovinesti,45.316667,27.916667
baldovinesti,44.383333,24.05
baldovinesti,44.35,25.05
baleasa,44.4,24
baleni,46.483333,26.616667
baleni,45.816667,27.833333
balenii-romani,44.816667,25.666667
balenii-sarbi,44.816667,25.633333
balesti,46.383333,23.116667
balesti,45.016667,23.216667
balesti,46.716667,27.516667
balesti,45.433333,27.233333
balesti-catun,46.366667,23.1
balhacul,45.05,27.133333
balica,46.65,27.45
baliga,46.816667,27.35
baligosi,45.416667,26.716667
balilesti,45.066667,24.933333
balilesti,45.133333,24.55
balinc,45.8125,21.853611
balindesti,45.15,24.066667
balinesti,47.9,26.166667
balintesti,46.033333,27.916667
balinti,48.05,26.7
balintu nou,45.816667,21.883333
balitesti,46.283333,22.733333
balmosesti,46.3,23.133333
balnaca,46.95,22.583333
baloasa,46.8,24.516667
baloiu,44.933333,24.416667
balomir,45.583333,23
balomireasa,44.916667,24.383333
balomiresti,47.033333,27.033333
balomiru de camp,45.933333,23.366667
balosani,44.733333,23.65
balosesti,45.783333,22.283333
balota,45.433333,24.3
balota de jos,44.533333,23.816667
balota de sus,44.566667,23.8
baloteasca,44.75,25.166667
balotesti,44.743889,22.631944
balotesti,46.4,27.316667
balotesti,44.616667,26.116667
balsa,46.033333,23.116667
bals,47.3,26.966667
bals,44.35,24.1
balsoara,44.666667,24.116667
balsu,44.316667,24.15
balta alba,44.433333,26.183333
balta alba,45.316667,27.283333
balta albina,44.166667,26.85
balta arsa,47.683333,26.6
balta,46.633333,23.283333
balta,45.4,26.7
balta,45.116667,23.1
balta,44.886944,22.636944
balta doamnei,44.75,26.166667
baltagari,45.55,26.716667
baltagesti,44.483333,28.183333
balta neagra,44.7,26.3
baltanele,44.578333,22.946111
balta oii,46.15,27.583333
balta plopului,45.133333,26.8
balta porcului,47.533333,26.5
balta ratei,45.766667,27.266667
baltaret,45.85,27.316667
baltareti,45.05,26.616667
balta sarata,45.383333,22.233333
balta sarata,44.016667,24.816667
baltata,44.966667,24.5
baltata de jos,46.483333,26.866667
baltateni,45.116667,24.05
baltatesti,47.116667,26.3
baltati,47.216667,27.15
baltati,44.516667,24.583333
baltati,46.7,27.9
baltati,44.183333,24.883333
baltati de jos,44.516667,23.166667
baltati de myloc,44.5,23.15
baltati de sus,44.516667,23.116667
baltatii noi,45.366667,27.05
balta verde,44.266667,23.8
balta verde,44.345556,22.596111
balteanu,46.468889,28.19
balteiu,44.45,24.533333
baltele,46.266667,22.35
balteni,44.7,26.016667
balteni,45.016667,27.15
balteni,44.866667,23.283333
balteni,47.4,27.5
balteni,45.016667,23.95
balteni,47.516667,26.533333
balteni,46.666667,27.616667
balteni,45.133333,24.566667
balteni,44.666667,25.7
balteni-deal,46.666667,27.633333
baltenii de jos,45.116667,29.05
baltenii de sus,45.133333,29.016667
baltesti,46.366667,22.966667
baltesti,45.1,26.133333
balticel andrei,45,23.4
baltisoara,45.116667,23.116667
baltita,44.833333,25.833333
baltoci,45.083333,23.433333
baluca,44.95,22.766667
balusa,46.65,27.1
balus,47.483333,27.1
baluseni,47.666667,26.8
balusenii noi,47.7,26.8
baluseni stamate,47.6,26.516667
balusesti,46.816667,26.983333
balusesti,46.883333,27.2
balusesti,46.916667,26.6
balutoaia,44.766667,24.233333
balutoaia,45,24.166667
balvanesti,44.7975,22.680278
balvanestii de jos,44.796111,22.720278
banabic,46.683333,23.65
bananai,44.833333,24.933333
banaresti,44.733333,24.75
banatka,46.933333,22.616667
ban,47.1,22.816667
banca,46.3,27.8
banceasca,45.166667,26.783333
bancesti,47.95,26.016667
bancesti,46.533333,27.433333
bancila,45.833333,27.083333
bancu,47.383333,25.166667
bancu,46.3,25.933333
band,46.583333,24.383333
bandoiu,44.866667,27.933333
bandrekula,46.566667,24.366667
baneasa,45.933333,27.933333
baneasa,44.066667,27.7
baneasa,46.85,27.1
baneasa,44.046111,26.064167
baneasa,44.5,26.066667
banesd,46.283333,22.6
banesti,47.583333,26.516667
banesti,45,24.366667
banesti,45.1,25.766667
banffyhunyad,46.866667,23.05
bania,44.895833,22.044722
banicel,45.583333,25.45
banicesti,45.2,24.6
banisor,47.116667,22.85
banita,45.1,27.1
banitesti,44.683333,24.083333
baniu,44.733333,23.3
banlak,45.383611,21.138056
banov,44.45,25.333333
banpotoc,45.9,23.016667
banschi colonie,45.75,21.216667
bantaul,44.816667,25.183333
banu,47.183333,27.366667
banyaszfalva,46.266667,25.483333
banzestii,46.221389,28.091944
barabant,46.1,23.583333
bara,45.894722,21.871944
bara,47.033333,27.05
bara,46.566667,24.866667
bara,45.816667,21.9
bara,44.75,26.233333
baraceni,44.533333,25.45
barachaza,45.966667,21.1
baragabu,44.1,28.4
baragai,44.55,24.8
baraganul,44.8,27.516667
baraiacu,44.983333,22.766667
barai,46.85,23.9
baraitaru,44.866667,26.35
baranca,48.133333,26.316667
baranesti,44.866667,24.583333
barangi,44.983333,24.333333
baranu,44.483333,23.383333
baraolt,46.083333,25.6
bara-sat,47.016667,27.033333
barasti,46.45,22.983333
barasti,44.45,24.133333
barasti,47.366667,26.35
barasti,45.8,26.716667
barasti,45.25,24.583333
barasti,44.616667,24.683333
barasti-ciumulesti,47.383333,26.366667
barasti de vede,44.733333,24.65
barastii de cepturi,44.7,24.65
barastii-hategului,45.566667,22.933333
barastii iliei,46.016667,22.733333
baratca,46.116667,21.633333
baratca,46.95,26.633333
barati,46.566667,26.866667
baratos,45.833333,26.066667
barbalai,44.65,24.6
barbalani,44.916667,24.516667
barbalatesti,45.2,24.716667
barbarigeni,44.883333,24.066667
barbateni de sus,45.333333,23.183333
barbateni-iscroni,45.383333,23.366667
barbatescu,44.616667,26.8
barbatescu,44.633333,25.9
barbatesti,44.916667,24.633333
barbatesti,47.283333,26.9
barbatesti,44.866667,23.5
barbatesti,45.183333,24.116667
barbesti,46.283333,23.316667
barboasa,46.816667,24.466667
barboasa,46.466667,27.233333
barboi,44.433333,23.333333
barbos,45.466667,21.733333
barbosi,45.4,27.983333
barbosi,46.583333,24.183333
barbosi,46.483333,27.966667
barbosi-cartier,45.433333,27.983333
barbucea,44.75,24.25
barbuceanu,44.7,25.9
barbulesti,44.733333,26.6
barbuletu,45.133333,25.3
barbura,46,22.9
barbusa,45.266667,25.05
barca,45.05,23.433333
barca,43.966667,23.616667
barca,44.45,24.45
barcacii,45.133333,23.433333
barcana,46.483333,27.35
barcanele,45.083333,24.133333
barcanesti,46.716667,26.583333
barcanesti,44.3,24.55
barcanesti,44.883333,26.05
barcanesti,44.633333,26.65
barcani,45.7,26.083333
barc,45.966667,23.983333
barcea,45.75,27.466667
barcea-mare,45.833333,22.966667
barcea-mica,45.816667,22.95
barcea veche,45.75,27.433333
barcia,46.416667,24.966667
barcu,46.833333,26.683333
barcut,46,24.916667
barda,44.733333,22.7
bardesti,46.6,24.516667
bardocz,46.133333,25.616667
bareesti,45.033333,24.35
baretesti,44.833333,24.633333
bargaoani,46.983333,26.633333
bargau,47.683333,23.4
bargaului,47.216667,24.766667
barghis,45.983333,24.533333
baricza,45.983333,21.516667
bariera valcei,44.333333,23.816667
barii,44.833333,24.716667
barjoveni,46.8,26.716667
barjoveni,46.416667,27.683333
barla,47.016667,24.55
barla,44.433333,24.766667
barlad,46.233333,27.666667
barlalesti,46.216667,27.9
barlea,46.983333,23.716667
barlesti,45.15,23.383333
barlesti,47.25,27.266667
barlesti-buzesti,44.466667,24.716667
barlestii-unguri,47.233333,27.25
barlibas,46.716667,24.266667
barlibasoaia,46.283333,24.833333
barlogeni,44.633333,23.283333
barlogu,45.1,24.15
barlogu,44.633333,25.083333
barloiul,44.9,25.15
barmonestii,45.016667,24.9
barna,46.483333,27.166667
barna,45.716667,22.05
barnova,47.066667,27.616667
barnova,46.016667,27.133333
baroianu,45.333333,26.366667
baroiu,44.716667,23.933333
barsa,47.316667,23.216667
barsana,47.816667,24.066667
barsana,46.168889,28.093056
barsanesti,46.333333,26.7
barsanesti,47.783333,27.083333
barsanul,44.683333,24.25
barsau,45.933333,22.966667
barsaul-de-jos,47.6,23.266667
barsaul de-sus,47.6,23.216667
barsaul mare,47.266667,23.666667
barsauta,47.35,23.7
barsesti,44.383333,26.133333
barsesti,45.05,23.233333
barsesti,45.916667,26.733333
barsesti-de-jos,45.166667,24.566667
barsesti-de-jos,44.016667,24.666667
barsesti-de-sus,44.033333,24.666667
barsestii-de sus,45.183333,24.566667
barsoiul,44.883333,24.333333
bartalusi,46.383333,27.45
bartalusii-mocani,46.4,27.45
bartasesti,46.583333,27.133333
barticesti,47.066667,26.783333
bartostana,46.516667,25.033333
baru,45.466667,23.166667
barul mic,45.466667,23.15
barza,46.1,22.85
barza,44.809444,22.387778
barza,44.966667,23.35
barza,43.983333,23.866667
barza,45.05,24.366667
barza,44.333333,24.783333
barzafalva,46.483333,22.133333
barzani,44.6,23.983333
barzava,46.433333,25.816667
barz,44.864722,21.916667
barzeiu,44.95,23.666667
barzeiul de gilort,45,23.6
barzescu,44.716667,23.033333
barzesti,45.05,25.083333
barzesti,46.75,27.55
barzesti,45.133333,24.116667
barzila,45.133333,26.116667
barzuica,44.848611,22.918889
barzulesti,46.483333,26.766667
basa,45.116667,27.35
basangesti,44.816667,24.85
basarabasa,46.2,22.583333
basarabi,44.183333,28.416667
basarabi,44,23
basarabi,47.466667,26.466667
basarabita,46.2,22.55
basasti,46.616667,26.6
bas-bunar,44.866667,28.483333
basca,45.366667,26.183333
basca colti,45.416667,26.4
basca-roziliei,45.45,26.316667
basceni,45.483333,26.616667
bascenii de jos,45.25,26.3
bascenii de sus,45.266667,26.25
bascou,44.383333,23.516667
bascov,44.9,24.816667
bascovele,45.016667,24.6
bascovelu,44.95,24.7
bascoveni,44.25,25.35
baseni,44.683333,24.85
baseni,47.35,27.4
basesti,45.833333,22.15
basesti,47.483333,23.15
basesti,46.383333,27.883333
basesti,44.033333,24.816667
baseu,48.133333,26.483333
basici,44.776944,22.925278
basnoasa,47.616667,27
baspunar,43.983333,28.05
basta,46.866667,26.9
basta,45.1,23.466667
bastea,45.883333,22.4
bata,47.183333,24
batalar,45.7,23.016667
bataluri,44.516667,27.15
batanii mari,46.083333,25.683333
batanii mici,46.1,25.7
batar,46.7,21.816667
batarci,48.033333,23.166667
batareni,44.6,24.683333
batasani,44.666667,24
batcari,45.833333,26.716667
batesti,45.85,22.2
batesti,44.85,26.033333
batia,44.75,24.3
batiesti,45.083333,25.083333
batin,47.066667,24.066667
batinesti,45.833333,27.15
batirasti,44.816667,24.15
batiz,45.766667,23
batoci,44.513611,22.680278
batogu,45.416667,26.866667
batogu,45,27.433333
batogu nou,45,27.45
batos,46.883333,24.666667
batrana,45.783333,22.583333
batranesti,46.766667,27
batranesti,47.783333,26.883333
batrini,44.816667,24.783333
batrini,45.316667,26.133333
batrinu,46.983333,22.7
batta,46.016667,22.033333
battucza,46.05,22.05
baumgarten,46.216667,21.383333
baumgarten,45.766667,24.216667
bautar,45.516667,22.566667
bautaru inferior,45.516667,22.533333
bautori,44.833333,25.233333
bazarghian,44.083333,27.8
bazava,46.116667,21.983333
bazavani,44.8,23.016667
bazdana,44.15,23.833333
bazed,46.683333,24.466667
bazesti,46.35,23.033333
bazga,46.383333,27.016667
bazga,46.95,27.916667
bazgarei,44.483333,23.9
bazias,44.810833,21.389167
bazna,46.2,24.283333
bazos,45.733333,21.483333
bazosul-nou,45.75,21.416667
beberani,45.616667,24.05
becea,46.466667,24.416667
beceni,45.383333,26.783333
becheinesti,44.783333,25.816667
becheni,47.45,22.45
becheni,45.066667,23.766667
bechet,43.766667,23.95
bechet,44.4,24.183333
bechet nou,43.75,23.95
bechetu de sus,44.4,24.166667
becicherecul-mic,45.829167,21.051389
beciu,45.383333,26.716667
beciu,45.733333,27.05
beclean,47.183333,24.183333
beclean,45.833333,24.916667
beclean,46.316667,25.3
becliza,45.833056,21.952778
becsani,44.8,24
becter,44.016667,28.05
beculesti,44.516667,24.166667
beculesti,44.816667,24.45
bede,46.466667,24.783333
bedeciu,46.8,23.133333
begahosszupatak,45.733333,21.933333
begakalodva,45.866667,21.966667
begalaposnok,45.883333,21.916667
begapata,45.933333,21.866667
begaszentmihaly,45.7,21.033333
begaszuszany,45.8,22
begu,45.35,26.4
beharca,44.45,23.683333
beia,46.15,25.183333
bei-buceac,45.033333,29.15
beica,46.783333,23.083333
beica de sus,46.733333,24.816667
beidaiu,44.716667,28.566667
beilic,45.083333,27.016667
beilic,44.166667,27.75
beilic,44.283333,27.616667
beinsele,46.716667,22.45
beiu,46.633333,24
beiu,43.866667,25.45
beiu,44.033889,25.774722
bejan,45.95,22.85
bejan-tirnovita,45.933333,22.883333
bejenari,46.516667,27.4
bejenesti,46.65,27.616667
bejghir,46.566667,27.016667
bekafalva,46.583333,22.516667
bela,45.1,25.433333
bela,45.15,24.016667
belafalva,46.083333,26.183333
bela jablanica,44.950278,22.314167
belbor,47.05,25.516667
belcea,47.8,26.45
belcesti,47.3,27.083333
belcesti,46.15,27.5
belcineanca,44.216667,24.15
belcing,45.516667,27.483333
belcinu,44.133333,23.8
belciu,44.85,24.766667
belciugata,44.166667,24.75
belciugatele,44.483333,26.433333
belciugatele de jos,44.5,26.433333
belciug,44.283333,25.116667
belciug-nanesti,45.533333,27.5
belciug-rimnic,45.5,27.483333
belciuneasa,46.366667,27.316667
beldiman,47.183333,27.483333
beldiu,46.233333,23.716667
belegeni,46.616667,22.433333
beleghet,46.466667,26.25
belence,45.755,21.760278
belenyes,46.583333,22.4
belenyesszeleste,46.65,22.45
belestii de jos,46.4,22.883333
belethaza,46.066667,21.933333
beleti,44.9,25.083333
belfir,46.733333,21.95
belgun,44.383333,24.15
belhagymas,46.5,22.083333
belia,45.183333,25.65
belimoaica,44.466944,25.571111
belin,45.933333,25.566667
belin vale,45.933333,25.6
belioara,46.466667,23.383333
belis,46.65,23.033333
belitori,44,25
beliu,46.483333,21.983333
belkismaros,46.616667,22.016667
belmarkaszek,46.466667,22.033333
belnagymaros,46.583333,22.033333
belobresca,44.786389,21.511389
belorvenyes,46.516667,22.083333
belotu,44.383333,23.55
belrogoz,46.6,22
belthiug,47.55,22.85
belu,44.4,26.1
belzeni,46.633333,27.333333
bencecu de sus,45.883333,21.416667
benczed,46.383333,25.166667
bendorf,45.95,24.5
benesat,47.416667,23.3
benesti,44.266667,24.1
benesti,44.666667,23.916667
benesti,46.366667,27.333333
benga,44.366667,24.65
benga,45.3,26.35
bengesti,45.066667,23.6
bengesti de jos,45.05,23.6
bengestii de sus,45.083333,23.6
benia,47.683333,25.283333
benic,46.2,23.583333
bentu,45.066667,26.966667
benyefalva,46.533333,22
berbeci,45.5,26.233333
berbesti,47.85,23.933333
berbesti,44.516667,24.066667
berbesu,44.5,23.35
berbiceni,46.683333,27.066667
berca,45.283333,26.683333
berca,45.65,23.016667
berc,47.3,22.8
berceni,45.45,23.416667
berceni,44.933333,26.116667
berceni,44.314167,26.185556
bercesti,45.166667,23.7
bercesti,45.35,26.466667
berchez,47.516667,23.5
berchezoaia,47.5,23.533333
berchies,46.733333,24.05
berchis,46.533333,23.616667
berchisesti,47.533333,26.033333
bercioaia,45.483333,26.65
bercioiu,45.016667,24.316667
bercu,47.916667,22.883333
berea,47.683333,22.35
bereasca,44.933333,26.1
bereasca,46.833333,27.65
bereasca de jos,44.95,26.1
berechiu,46.633333,21.85
berechiu,46.95,21.733333
berecuta,45.416667,21.35
bereczk,46.05,26.3
bereghia,46.533333,24.433333
beregsaul-mare,45.757778,21.025556
beregsaul mic,45.753056,20.975
berendia,46.316667,22.15
bereni,46.55,24.866667
bereny,45.583333,21.433333
bereoni,45.466667,23.45
bereslogi,47.433333,26.75
bereslogi-humosu,47.433333,26.766667
beresti,46.466667,26.666667
beresti,46.1,27.883333
beresti,47.216667,27.766667
beresti,44.866667,22.783333
beresti,47.783333,26.333333
beresti,46.2,27.15
beresti-bistrita,46.716667,26.833333
berestii-de-jos,44.833333,27.75
berestii-de-sus,44.8,27.766667
berestye,45.345833,21.275
beresztelke,46.766667,24.633333
berevoe,45.233333,24.933333
berevoesti,45.116667,25.416667
berevoesti,45.233333,24.916667
berezeni,46.376111,28.147778
berghin,46.066667,23.733333
berheci,45.983333,27.433333
berheny,46.5,22.4
beria de jos,44.566667,24.4
beria de sus,44.583333,24.416667
berindan,47.783333,23.016667
berindei,44.966667,24.783333
berindei,44.116667,24.566667
berindesti,46.35,26.933333
berindesti,45.316667,24.666667
berindu,46.95,23.433333
berinta,47.55,23.683333
berislavesti,45.25,24.416667
beriu,45.783333,23.183333
berivoii mari,45.733333,24.983333
berivoii mici,45.75,24.966667
berkeszfalu,45.315833,21.351667
berlesti,44.916667,23.666667
berlesti,45.083333,27.433333
berliste,44.986667,21.463056
bernadea,46.366667,24.45
bersovia,45.426111,21.628056
bersza,46.383333,22.066667
bertea,45.233333,25.866667
berthelot,45.616667,22.883333
berveni,47.75,22.466667
berza,47.645833,27.313056
berzasca,44.699167,21.954722
berzunt,46.4,26.633333
besa,46.15,24.716667
besaul,43.983333,28.183333
bese,46.566667,24.55
besenaul,45.883333,25.933333
besenova noua,45.837778,21.100556
besenyo,45.731667,21.333889
besh tepe,45.083333,29.016667
besimbac,45.8,24.766667
besinau,46.1,23.816667
besineu,46.783333,25.45
besineu,46.433333,24.383333
besteloaia,44.716667,25.583333
besztercze,47.133333,24.483333
beta,46.25,23.816667
beta,46.283333,25.216667
betesti,46.733333,26.583333
betesti,46.283333,25.083333
betfia,46.966667,22.033333
beu,46.566667,24.716667
beuca,44.25,24.966667
beudiu,47.066667,24.166667
beureni,47.566667,25.883333
bezdead,45.15,25.516667
bezdead,47.15,23.483333
bezid,46.4,24.916667
bezidul nou,46.416667,24.9
beznea,46.95,22.633333
biban,44.433333,23.083333
bibarczflava,46.083333,25.65
bibesti,44.783333,23.483333
bibiresti,46.516667,27.083333
bibulesti,44.8,23.766667
bicacel,46.85,22.1
bicaciu,46.9,21.8
bicajelu,46.816667,25.916667
bicalat,46.533333,23.516667
bicalatu,46.883333,23.05
bicas,47.466667,23.033333
bicau,45.933333,22.783333
bicau,47.666667,23.283333
bicaz,46.916667,26.066667
bicaz centru,46.833333,25.883333
bicaz chei,46.816667,25.883333
bicazu ardelean,46.85,25.933333
bic,47.2,22.833333
bicesti,46.3,23.533333
bicesti,45.55,26.916667
bicesti de sus,45.55,26.933333
bicfalau,45.766667,25.866667
bichesti,46.183333,27.4
bichigi,45.85,22.133333
bichigiu,47.416667,24.35
bichis,46.366667,24.1
bicsad-bai,47.933333,23.4
bicsad,46.1,25.866667
bidiu,47.033333,24.233333
biertan,46.133333,24.516667
bigar,44.664722,22.104722
bighilin,44.966667,26.083333
biharea,47.15,21.916667
biharfenyves,46.583333,22.533333
biharia,46.433333,22.8
biharmagura,46.566667,22.55
biharmagura,46.55,22.55
biharmezo,46.45,22.583333
biia,46.233333,24
bikafalva,46.266667,25.25
bila,44.165556,25.849167
bilboceni,46.583333,26.066667
bilca,47.916667,25.75
bilc,46.4,22.583333
bilcesti,45.266667,25.083333
bilciresti,44.733333,25.8
biled,45.886389,20.958889
bilghez,47.233333,22.716667
bilhac,47.483333,26.366667
biliesti,45.733333,27.333333
bilta,44.533333,23.466667
bina,45.966667,24.283333
binis,45.337222,21.685833
binitii-pamanteni,44.616667,26.466667
binitii-ungureni,44.616667,26.483333
birceii,45.1,23.583333
birchis,45.966667,22.166667
birci,44.516667,24.6
birda,45.433333,21.35
birdesti,46.366667,23.2
biriu boiului,45.65,26.1
birlesti,46.383333,23.1
birlesti,46.266667,23.283333
birlesti,45.433333,26.733333
birlesti-catun,46.283333,23.283333
birnesti,46.583333,26.6
birsoeni,44.9,24.333333
birsoiu,44.883333,24.366667
birt,47.65,24.666667
birtin,46.166667,22.633333
birtin,46.983333,22.483333
biruinta,44,28.516667
birza,46.55,24.133333
birze,46.65,22.166667
biscaria,45.85,23.033333
biserica,46.35,25.85
biserica de zid,45.05,23.85
bisericani,46.366667,25.233333
bisericani,46.933333,26.266667
biserica slanic,46.25,26.55
biserici,45.1,24.016667
bisoca,45.533333,26.7
bisocuta,46.533333,26.683333
bistra,47.25,22.416667
bistra,47.866667,24.2
bistra,46.9,25.883333
bistra,45.666667,23.683333
bistra muresului,46.95,24.883333
bistret,43.9,23.5
bistretu nou,43.9,23.466667
bistricioara,47.066667,25.916667
bistrita,44.585556,22.792778
bistrita,46.95,26.3
bistrita,45.183333,24.05
bistrita noua,44.366667,24.25
biszindia,46.283333,22.1
bita,45.833333,25.966667
biulbiu mare,44.116667,28.333333
biulbiu mic,44.1,28.283333
biusa,47.416667,23.25
bivolaria,47.916667,25.683333
bivolari,47.816667,27.05
bivolari,47.533333,27.433333
bivolita,44.133333,25.216667
bivolul-mare,48.166667,26.733333
bivolul mic,48.15,26.8
bizighesti,45.816667,27.216667
bizogani,46.3,23.333333
blaga,47.033333,27.733333
blaga,46.266667,27.283333
blagesti,46.683333,26.65
blagesti,47.25,26.75
blagesti,46.137222,28.013056
blahnita,44.418889,22.81
blahnita de jos,45,23.516667
blahnita de sus,45.133333,23.55
blaieni,46.233333,22.9
blaja,47.45,22.55
blajani,45.316667,26.816667
blajel,46.216667,24.316667
blajenii de jos,47.166667,24.35
blajenii de jos,45.666667,27.516667
blajenii de sus,47.166667,24.383333
blajeri,45.683333,27.533333
blaju,44.266667,24.2
blaju,45.166667,24.6
blandesti,47.7,26.866667
blandesti,47.333333,27.483333
blandiana,45.966667,23.383333
blandulesti,44.8,23.55
blanoiu,45.433333,24.333333
blanzi,45.933333,27.65
blasova,45.133333,28.166667
blebea,47.2,26.416667
blehani,45.55,27.6
bleici,45.066667,24.45
blejani,44.8,24.633333
blejani,44.683333,24
blejesti,44.3,25.466667
blesca,46.65,27.383333
blidar,47.8,23.616667
blidarele,45.65,27.066667
blidaresti,46.1,23.566667
blidari,44.816667,25.316667
blidari,45.116667,23.5
blidari,46.15,26.916667
blidari,45.566667,26.9
blidaru,44.55,23.083333
blidireasa,46.766667,25.016667
bloaja,47.6,23.866667
blumental,45.998056,21.449722
boaghea,46.116667,27.433333
boanca,44.5,26.533333
boanta,46.766667,26.9
boanta,44.2,24.216667
boarca,45.3,27.5
boarta,46,24.2
boas,46.7,23.783333
boasca,45.083333,23.05
boascic,44.433333,28.116667
boatca,46.95,27.216667
boba,44.766667,24.533333
bobaia,45.683333,23.116667
bobaia,44.75,23.516667
bobaica,44.753611,22.716944
bobalna,45.866667,23.133333
bobasa,47.033333,24.15
bobda,45.735833,20.943611
bobesti,46.718889,28
bobesti,44.383333,26.25
bobesti,45.133333,25.783333
bobicescii,45.183333,26.083333
bobilna,47.133333,23.65
boboaca,44.5,24.05
boboc,45.216667,26.933333
boboci,44.716667,24.65
boboci,44.8,25.383333
bobocu,45.2,26.983333
boboesti,44.94,22.957222
boboesti,47.25,26.016667
bobohalma,46.35,24.233333
bobolia,45.1,25.733333
boborasti,46.383333,22.983333
bobos,46.3,27.316667
bobota,47.383333,22.766667
boboteni,47.1,26.05
bobotesti,47.75,27.233333
bobu,45.033333,23.516667
bobu,44.633333,27.816667
bobu,44.233333,24.316667
boca,44.333333,23.283333
bocanita,45.283333,24.516667
boc,46.566667,23.35
boceni,44.560278,23
bocesti,46.283333,23.333333
bocicau,48.1,23.15
bocicoel,47.7,24.316667
bocicoiul mare,47.966667,24
bociu,46.783333,22.95
bocnita,47.15,27.183333
bocsa,46,23.016667
bocsa,45.373333,21.709167
bocsa,44.75,24.033333
bocsa,47.3,22.916667
bocsa mica,45.983333,23.016667
bocsa noua,45.383333,21.766667
bocsa vasiovei,45.383333,21.783333
bocsig,46.416667,21.95
bocsita,47.3,23.05
bodaesti,44.583333,23.683333
bodaiestii de sus,44.566667,23.666667
bod,45.766667,25.65
bodea,47.533333,25.583333
bodeasa,47.933333,26.95
bodeasa,46.3,27.266667
bodest,46.3,22.566667
bodesti,46.4,22.966667
bodesti,46.716667,26.7
bodesti,46.916667,27.6
bodesti,45.05,23.816667
bodesti,47.033333,26.416667
bodesti,45.883333,26.716667
bodesti,45.266667,26.166667
bodesti-de-jos,47.016667,26.45
bodia,47.05,23.066667
bodinu-sfantul gheorghe,44.233333,25.366667
bodnareni,47.766667,25.933333
bodoc,45.95,25.85
bodos,46.083333,25.666667
bodrogul nou,46.133333,21.2
bodrogu vechi,46.133333,21.166667
boereni,47.383333,23.933333
boeresti,44.7,24.933333
boeresti,44.683333,24.183333
boeresti,46.45,27.583333
bogadinac,44.911389,21.660833
bogaros,45.916667,20.82
bogata,46.3,26.55
bogata,46.45,24.066667
bogata,47.4,26.183333
bogata,44.216667,27.116667
bogata de jos,47.183333,23.666667
bogata de sus,47.2,23.716667
bogata olteana,45.983333,25.35
bogatesti,45.266667,25.1
bogati,44.866667,25.133333
bogatul-roman,45.983333,23.933333
bogda,45.978333,21.5725
bogdana,46.7,26.933333
bogdana,47.016667,23.033333
bogdana,43.933333,25.083333
bogdana,46.533333,27.616667
bogdana,44.433333,27.116667
bogdana voloseni,46.636944,28.117222
bogdan,43.916667,22.866667
bogdan,44.2,24.2
bogdan,47.416667,22.933333
bogdaneasca,47.366667,26.283333
bogdanesti,46.383333,23.033333
bogdanesti,46.283333,23.35
bogdanesti,46.6,26.7
bogdanesti,46.633333,23.133333
bogdanesti,47.116667,27.416667
bogdanesti,45.133333,26.066667
bogdanesti,46.15,24.166667
bogdanesti,46.216667,26.683333
bogdanesti,45.033333,24.05
bogdanesti-de jos,46.666667,27.016667
bogdanita,46.45,27.683333
bogdanu,44.916667,24.65
bogdan voda,46.616667,26.916667
bogdan voda,47.7,24.266667
bogea,44.433333,23.7
bogeiu,47.266667,22.35
bogeni,44.816667,24.016667
bogesti,46.35,27.55
boghesti,46.166667,27.4
boghia,44.55,23.966667
boghicea,47.066667,27.066667
boghicesti,44.916667,22.9
boghis,47.15,22.766667
boghis,47.766667,22.666667
bogonos,47.216667,27.433333
bogoslovesti,45.116667,24.3
bogoz,46.25,25.216667
bogyesd,46.25,22.45
bogyest,46.266667,22.25
bogza,45.5,27.183333
bogzeni,45.35,26.2
bogzesti,46.9,26.766667
bohari,45.05,24.766667
bohoghina,47.8,26.416667
boholt,45.883333,24.916667
boholt,45.95,22.933333
bohorelu,44.85,23.133333
bohotin,46.933333,27.966667
boia-birzii,45.8,22.816667
boia,44.916667,23.5
boian,44.85,21.886667
boian,46.2,24.233333
boian,47.066667,22.883333
boianita,44.855833,21.914722
boianul-mare,47.383333,22.533333
boinesti,47.916667,23.35
boisoara,45.433333,24.383333
boistea-boereasca,46.183333,26.966667
boistea,46.366667,26.483333
boistea,47.183333,26.433333
boistea,46.183333,26.983333
boistea de jos,46.15,26.983333
boistea-galin,46.166667,27
boita,45.6,22.816667
boita,45.633333,24.25
boiu,45.9,23.15
boiu,46.266667,24.866667
boiu de jos,46,22.6
boiu de sus,46.016667,22.583333
boiul-mare,47.4,23.583333
boiut,47.383333,23.566667
bojdani,44.716667,26.266667
bojenesti,44.933333,24.716667
bojia,45.1,22.416667
bojila,47.016667,27.266667
bojinu,44.633333,23.683333
bojneagul,44.233333,26.916667
bojoiu,44.883333,25.133333
bojoiu,44.3,24.033333
bojtorjanos,45.518889,21.916667
bokia,46.55,22
bokony,46.316667,22.116667
bolati,46.85,27.6
bolboaca,45.5,27.5
bolbocesti,45,23.583333
bolbosi,44.75,23.216667
bolculesti,45.2,24.616667
bolda,47.533333,22.916667
bold,47.966667,27.15
boldesti,46.383333,22.866667
boldesti,47.283333,26.833333
boldesti,45.033333,26.033333
boldesti,44.866667,26.533333
boldor,45.694167,21.776667
boldu,45.333333,27.233333
boldu nou,45.316667,27.233333
boldut,46.633333,23.983333
bolgarfalva,46.366667,25.25
bolgartelep,46.1,20.416667
boli,45.416667,23.366667
bolintin-baleanu,44.45,25.75
bolintin,44.459167,25.821111
bolintin-din-vale,44.448889,25.757778
bolintinu-spiridon,44.466667,25.783333
bologa,46.883333,22.916667
bologoaia,46.666667,24.316667
bolotesti,45.833333,27.066667
bolovan,44.733333,25.633333
bolovanesti,45.233333,24.733333
bolovani,44.383333,25.783333
bolovanu,45.416667,24.3
bolovasnita,45.35,22.3
boltasi,44.533333,26.216667
boncafalva,46.266667,22.3
boncesti,46.366667,23.05
bonciu,44.95,24.233333
bondoci,44.95,23.983333
bondrea,44.2,24.233333
bondrea,46.1,27.55
bontaeni,47.616667,23.733333
bont,46.983333,23.933333
bontesd,46.616667,22.466667
bontesti,45.683333,27.05
bontu,45.466667,26.25
bora,44.55,27.383333
boranesti,44.666667,26.6
borascu,44.7,23.283333
borasti,46.883333,27.383333
borca,47.183333,25.766667
borcea,44.333333,27.75
borcut,47.483333,23.85
bord,46.383333,24.216667
bordea,47.033333,26.5
bordeasca,45.533333,27.316667
bordeasca noua,45.533333,27.283333
bordeele,44.5,26.65
bordeeni,45.233333,24.983333
bordeiu,44.3,23.833333
bordeiul verde,45.083333,27.566667
bordenii mari,45.083333,25.866667
bordenii mici,45.066667,25.85
bordesti,46.383333,22.95
bordesti,45.55,27.05
bordestii de jos,45.55,27.033333
bordosanii-coiteasca,45.1,26.966667
bordosani tufele,45.083333,26.466667
bordos,46.4,24.783333
bordusani,44.483333,27.9
borduselu,44.55,27.033333
borduselu de jos,44.55,27.05
borea,45.616667,23.016667
borkanesti,44.812778,22.780278
borkut,47.316667,25.233333
borla,47.283333,22.95
borleanu,46.683333,26.816667
borleasa,47.35,24.183333
borlesti,46.416667,23.016667
borlesti,44.95,24.766667
borlesti,47.683333,23.35
borlesti,46.766667,26.483333
borlova,45.366667,22.35
borlovenii noi,44.972778,22.1425
borlovenii vechi,44.961111,22.108056
bornis,47.016667,26.583333
boroaia,47.35,26.333333
borobanesti,45.183333,24.633333
borod,46.983333,22.633333
borodesti,46.066667,27.583333
boroesti,44.683333,24.633333
borogea,44.65,22.933333
borolea,47.95,27.033333
borosesti,46.95,27.583333
borosesti,44.65,24.233333
boroslo,46.333333,25.85
borosnaul-mare,45.816667,26
borosnaul-mic,45.783333,26.016667
borosoaia,46.516667,23.6
borospatak,46.55,26
borosrozsa,46.333333,22.2
borossebes,46.366667,22.116667
borosteni,45.1,23.016667
borosztok,46.333333,22.383333
borozel,47,22.566667
borsa,47.016667,22.183333
borsa,46.933333,23.666667
borsa,47.4,27.366667
borsani,46.15,26.966667
borsa-repedea,47.633333,24.7
bors,47.116667,21.816667
borsec,46.95,25.566667
borseni,47.083333,26.583333
borsesti,44.796944,22.880556
borta,46.516667,22.916667
bortos,46.6,26.033333
boru,45.2,26.6
borumlaca,47.216667,22.483333
borungea,44.016667,28.016667
borza,46.966667,24.95
borza,47.216667,23.283333
borzandt,46.466667,24.85
borzesti,46.166667,23.016667
borzesti,46.566667,26.55
borzesti,47.916667,26.733333
borzesti,46.233333,26.816667
borzestii lui maris,46.25,26.75
borzont,46.683333,25.433333
bosancea,47.583333,26.316667
bosanceni,47.566667,26.9
bos,45.75,22.833333
boscoteni,47.5,26.85
boscoteni,47.733333,27.25
bosia-beresti,47.216667,27.75
bosia,47.933333,26.366667
bosia,46.383333,27.283333
bosilcesti,45.133333,25.833333
bositura,45.766667,23.433333
bosneag,44.733333,21.666667
bosorod,45.683333,23.083333
bosoteni,46.5,26.683333
bosoteni,47.233333,26.683333
bostanesti,46.316667,27.3
bota,46.516667,27.133333
botak,46.633333,25.666667
botana,45.666667,22.866667
botani,46.283333,23.433333
botanu,45.35,26.6
botarcani,44.883333,25.083333
botarlau,45.633333,27.383333
botean,47.1,22.15
botei,46.6,24.133333
botele,45.416667,26.266667
boten,45.183333,25.116667
boteni,46.766667,24.033333
boteni,44.566667,26.45
botesti,46.15,23.183333
botesti,46.566667,27.083333
botesti,47.05,26.733333
botesti,46.933333,26.5
botesti,47.516667,26.133333
botesti,45.7,22.083333
botesti,46.8,27.883333
botesti,45.533333,27.4
botesti,45.016667,25.133333
botez,46.383333,24.016667
botfein,46.55,22.066667
botinesti,45.733333,22.1
botiza,47.666667,24.15
botiz,47.833333,22.95
botoaia,46.816667,27.633333
botoi,46.6,27.383333
botorani,44.75,24.05
botorca,46.25,24.333333
botoroaga,44.148333,25.544722
botorogi,44.983333,23.3
botosana,47.683333,25.95
botosani,47.75,26.666667
botosanita mare,47.883333,26.116667
botos,46.733333,23.833333
botosestii paia,44.4,23.266667
botus,47.483333,25.283333
botusel,47.566667,25.35
bou,44.95,28.116667
bou,44.716667,24.216667
bou,46.05,27.083333
bou de sus,44.616667,23.616667
bouleni,44.966667,24.583333
boul rosu,46.15,27.333333
boura,47.383333,26.466667
boureni,44.083333,23.833333
boureni,47.216667,26.633333
boureni,44.016667,23.433333
bousori,46.733333,27.816667
bousoru,44.6,23.65
boz,45.95,23.8
boz,45.95,22.75
bozeni,46.533333,24.666667
bozes,45.966667,23.183333
bozia,46.339167,28.119722
boziana,44.9,23.533333
bozia noua,46.333333,28.116667
bozias,46.316667,24.3
bozieni bals,46.966667,26.683333
bozieni,47.95,26.9
bozieni,46.833333,27.15
bozieni,45.05,26.333333
bozies,47.15,22.733333
bozies,47.033333,24.2
bozinta mare,47.633333,23.45
bozinta mica,47.633333,23.416667
bozioru,45.383333,26.483333
bozna,47.083333,23.1
bozolinic,46.966667,23.233333
bozovic,44.938889,22.001667
brabeti,43.966667,24.016667
brabeti,44.466667,24.766667
brabova,44.366667,23.433333
braceni,44.366667,23.45
bradacesti,45.716667,26.716667
bradatel,45.983333,22.533333
bradatel,47.5,26.183333
bradatel,45.183333,25.266667
brad,46.133333,22.783333
brad,46.583333,27.166667
bradeana,46.333333,22.983333
bradeanca,45.2,26.716667
bradeanu,44.933333,26.85
bradeni,46.083333,24.833333
bradesti-batrini,44.5,23.666667
bradesti,46.333333,23.5
bradesti,46.35,25.35
bradesti,47.15,27.1
bradesti,46.166667,27.766667
bradestii din fata,44.5,23.65
bradet,46.1,23.1
bradet,47.883333,25.8
bradetelu,44.883333,23.05
bradetelu,46.75,25.016667
bradetu,44.866667,23.066667
bradetu,45.8,26.616667
bradetu,45.35,26.183333
bradiceni,45.05,23.083333
bradicesti,46.85,27.9
bradinesti,46.166667,23.05
bradisor,45.033333,21.7
bradisor,45.283333,24.433333
bradisoru de jos,45.083333,21.716667
bradu,44.783333,24.9
bradu,46.716667,26.95
bradu,47,25.866667
bradu,45.716667,24.333333
bradu-clocotici,45.4,24.333333
bradu de sus,44.8,24.9
bradul,46.683333,26.866667
bradulet,45.283333,24.766667
braesti,47.866667,26.45
braesti,47.5,26.083333
braesti,45.433333,26.5
bragadiru,43.766667,25.516667
bragadiru,44.266667,26.166667
bragadiru,44.371111,25.9775
bragareasa,44.833333,26.933333
bragleasa,44.516667,23.066667
braglez,47.216667,23.383333
brahasesti,46.05,27.35
brahasestii de jos,46.033333,27.366667
brahasoaia,46.716667,27.583333
braia,45.35,23.2
braiasa,46.183333,22.616667
braila,45.266667,27.983333
braileni,44.883333,24.783333
brailita,45.3,27.983333
brailita,44.65,27.816667
brailoiu,44.583333,25.733333
braisor,46.85,22.95
bralostita,44.5,23.516667
bran,45.516667,25.35
bran,47.25,27.75
bran,44.033333,25.383333
branceni,43.883333,25.4
branceni,46.800833,28.128611
brancoveanu,44.616667,25.516667
brancovenesti,46.866667,24.766667
brancoveni,44.316667,24.3
brancoveni,44.35,26.783333
branesti,45.816667,22.25
branesti,46.466667,26.55
branesti,45.033333,25.416667
branesti,45.816667,28.083333
branesti,44.65,23.466667
branesti,44.45,26.333333
branesti,44.916667,25.7
branet,44.333333,24.183333
branisca,45.916667,22.783333
branistari,44.1775,26.056944
branistea,47.166667,24.066667
branistea,44.266667,23.783333
branistea,45.45,27.85
branistea,43.983333,24.016667
branistea,45.95,27.333333
branistea,44.683333,25.583333
braniste,44.6,23.55
branisteni,46.916667,26.783333
branzarii,45.566667,27.033333
branzeni,44.948333,22.795278
branzeni,47.133333,26
brasauti,46.85,26.45
brasca,47.633333,26.066667
brascu,46.083333,22.533333
brastavat,43.916667,24.4
bratasana,44.433333,26.583333
bratasanca,44.95,25.8
bratcovu,44.15,24.866667
bratea,46.016667,23.083333
brateanca,43.783333,25.466667
brateanu,44.733333,27.466667
brateasca,45,24.716667
brateiu,46.166667,24.416667
brateni,46.916667,24.383333
brateni,47.35,26.683333
brates-nou,45.083333,27.283333
bratesti,46.316667,26.633333
bratesti,46.75,22.2
bratesti,47.183333,26.683333
bratesti,44.716667,23.616667
bratesti,45.233333,24.7
bratesti,44.433333,25.3
bratesti-de-sus,44.833333,25.533333
bratestii de jos,44.816667,25.533333
bratesu,45.066667,27.283333
bratesul,44.916667,22.833333
bratia,44.866667,24.483333
bratia,44.616667,26.766667
bratia din deal,44.95,24.316667
bratia din vale,44.966667,24.283333
bratieni,44.266667,27.5
bratila,46.316667,26.766667
bratila de jos,46.316667,26.75
bratila de sus,46.333333,26.783333
bratilesti,45.466667,26.483333
bratilovu,45.016667,22.8
brativoesti,44.923611,22.845278
bratoaia,46.55,27.333333
bratova,45.333333,22
bratovesti,44.133333,23.9
bratovesti,45.4,24.366667
bratuia,44.933333,23.35
bratuleni,47.166667,27.45
bratulesti,44.683333,26.016667
bratulesti,47.133333,26.966667
bratulesti,44.883333,24.033333
bratulesti,45.95,27.666667
bravita,45.066667,24.316667
brazesti,46.4,23.316667
brazi,44.866667,26.016667
brazi de jos,45.166667,25.666667
brazi de sus,45.2,25.65
brazii,44.766667,26.35
brazii de jos,44.85,26.016667
braznic,45.916667,22.65
breasta,44.333333,23.683333
breaza,47.616667,25.333333
breaza,45.7,24.883333
breaza,45.1,26.533333
breaza,47.016667,26.633333
breaza,45.183333,25.666667
breaza de sus,47.65,25.35
breazova,45.533333,22.8
breazu,47.216667,27.516667
breb,47.75,23.9
brebeanca,44.966667,26.783333
brebenei,44.666667,23.45
brebenesti,45.233333,25.05
brebeni,44.083333,27.783333
brebeni,47.5,23.783333
brebeni,44.366667,24.45
brebenii-romani,44.383333,24.45
brebi,47.216667,23.183333
brebina,45.016667,22.816667
brebina,44.166667,24.966667
brebu,45.5,26.583333
brebu,45.420278,21.9925
brebu,45.183333,25.766667
brebul,45.183333,25.333333
brebul-nou,45.233333,22.133333
brehuesti,47.7,26.55
bresnica,44.666667,22.618333
bresnicioara,44.583333,23.266667
bresnita-de-motru,44.566667,23.216667
brestelnic,44.746944,21.883333
breszt,46.066667,21.333333
breta,44.65,23.116667
bretea,47.116667,24.233333
bretea muresana,45.933333,22.716667
bretea streiului,45.666667,23
bretelin,45.883333,22.816667
brezoaia,44.566667,25.766667
brezoaia crucesu,44.566667,25.75
brezoi,45.35,24.25
brezon,45.25,21.583333
brezuica,44.066667,24.55
briesti,44.133333,25.166667
brincoveanca,43.966667,24.683333
brindusa,43.916667,23.566667
brindusari,45.066667,24.383333
brinzari,44.95,24.866667
britani,46.983333,26.733333
broasca,45.033333,26.516667
broastele,45.133333,25.75
brodelele,45.1,24.133333
brodina,47.783333,25.266667
brodina,47.883333,25.416667
brodipuszta,45.75,21.383333
brodoc,46.65,27.666667
broos,45.833333,23.2
broscari,44.512222,22.863333
broscari,44.483333,24.633333
broscauti,47.95,26.45
broscosesti,46.565833,28.219167
brosteanca,43.95,25.066667
brosteni,46.033333,23.95
brosteni,44.716667,24.883333
brosteni,46.8,26.783333
brosteni,47.75,27.083333
brosteni,45.044167,21.650833
brosteni,45.133333,25.45
brosteni,44.433333,24
brosteni,47.3,26.566667
brosteni,44.760833,22.979444
brosteni,47.233333,25.7
brosteni,44.216667,25.25
brosteni,46.633333,27.483333
brosteni,45.75,27.033333
brosteni,44.6,25.333333
brosteni deal,44.6,25.35
brostenii,45.2,24.916667
brostenii de sus,44.666667,23.433333
brostenii vechi,44.666667,26.733333
brosteni-vale,44.716667,25.5
brotuna,46.2,22.6
bruckenau,45.903056,21.337222
bruiu,45.866667,24.7
brusturasu,45.35,26.283333
brusturet,46.966667,27.416667
brusturi,47.15,22.25
brusturi,47.166667,23.216667
brusturi,47.283333,26.383333
brusturoasa,46.516667,26.2
brusznik,45.983333,21.9
brusztur,46.35,22.583333
bucarest,44.433333,26.1
bucea,46.95,22.733333
buceag,44.1,27.416667
buceava,46.216667,22.316667
bucecea,47.766667,26.433333
bucecea-sat,47.783333,26.45
bucecea-tirg,47.783333,26.433333
bucerbea-grenoasa,46.2,23.833333
bucerda vincasa,46.15,23.533333
buces,46.183333,22.933333
bucesti,45.65,27.516667
buces-vulcan,46.216667,22.966667
buchberg,45.966667,21.6
buchila,46.45,26.883333
buchilasi,44.883333,26.133333
buchin,45.366667,22.25
bucicani,44.35,23.533333
bucin,46.55,25.116667
bucinis,47.216667,25.366667
bucinisu,43.95,24.25
bucinisul mic,43.933333,24.25
bucium,46.233333,23.216667
bucium,46.783333,27.066667
bucium,46.866667,22.15
bucium,45.733333,25.083333
bucium,45.6,23
bucium,47.116667,27.633333
bucium,47.466667,23.483333
bucium cerbu,46.233333,23.116667
buciumeni,45.15,25.45
buciumeni,47.45,26.3
buciumeni,46,27.3
buciumeni,44.783333,24.3
buciumeni,44.253611,26.414167
buciumeni,44.016667,25.8
buciumeni,44.551667,25.96
buciumi-bodia,47.033333,23.066667
buciumi,46.2,26.783333
buciumii-precista,46.75,26.833333
bucium izbita,46.233333,23.166667
bucium muntari,46.283333,23.166667
bucium-orlea,45.583333,22.966667
bucium-poeni,46.233333,23.2
bucium-runc,47.45,23.466667
bucium sasa,46.266667,23.183333
bucium-sat,46.266667,23.116667
bucosnita,45.3,22.266667
bucova,45.516667,22.633333
bucov-adunati,44.45,25.033333
bucovat,45.783333,22.15
bucovat,44.3,23.75
bucovat,47.6,25.933333
bucoveni,44.583333,25.966667
bucovenii,44.55,25.933333
bucovicioara,44.3,23.35
bucovineni,47.85,26.333333
bucsa,44.716667,27.55
bucsa,46.366667,27.416667
bucsana,45.05,23.716667
bucsani,44.833333,24.25
bucsani,44.376111,25.655278
bucsanii de jos,44.366667,25.65
bucsenesti,45.283333,24.65
bucsenesti-lotasi,45.016667,25
bucsesti,46.483333,26.566667
bucsoaia,47.55,25.816667
bucu,44.6,27.5
bucura,45.816667,23.366667
bucura,44.399444,22.863333
bucura,45.316667,24.766667
bucureasa,45,23.316667
bucureni,46.8,25.9
bucuresci,46.133333,22.9
bucurestii noi,44.5,26.033333
bucuroaia,46.916667,22.2
bucuroaia,44.65,25.483333
buda,46.416667,26.9
buda,47.616667,26.783333
buda,47.4,26.683333
buda,47.116667,26.066667
buda,47.366667,26.133333
buda,46.133333,27.3
buda,45.1,24.316667
buda,45.5,26.9
buda,44.833333,26.166667
buda,44.345556,25.906389
buda-craciunesti,45.183333,26.366667
budacu de jos,47.083333,24.516667
budacu de sus,47.066667,24.65
budai,47.216667,27.216667
budanesti,44.783333,22.734444
budarasti,45.133333,24.15
budeasa,45.016667,24.85
budeasa mare,44.933333,24.85
budeasa mica,44.95,24.85
bude,44.833333,23.9
budeni,47.416667,26.7
budeni,45.233333,24.516667
budeni,44.19,26.111944
budesti,46.366667,22.866667
budesti,46.883333,24.25
budesti,44.533333,27.183333
budesti,47.05,27.483333
budesti,47.733333,23.95
budesti,44.6,24
budesti,46.933333,26.683333
budesti,46.616667,27.95
budesti,45.05,24.383333
budesti,45.616667,27.083333
budesti,44.234722,26.465833
budesti,45.45,26.533333
budesti-finate,46.866667,24.25
budiasca,44.016667,25.383333
budieni,45.016667,23.383333
budila,45.666667,25.8
budint,45.766667,21.683333
budisteni,45.05,26.783333
budisteni,44.8,25.15
budiu de cimpie,46.55,24.2
budiul-mic,46.5,24.566667
budoi,47.2,22.366667
budrea,45.366667,26.9
budu-cantemir,46.614444,28.125833
buduhala,44.983333,23.133333
buduile,45.383333,26.433333
buduleasa,44.416667,26.4
budureasa,46.666667,22.5
budurleni,46.916667,24.416667
budurleni-case,46.966667,24.35
budus,47.083333,24.533333
budus,47.1,23.616667
buduslau,47.4,22.266667
buftea,44.561389,25.948889
bughea de jos,45.166667,26.016667
bughea de jos,45.266667,25
bughea de sus,45.2,25.983333
bughenii-miluiti,44.983333,26.683333
bugiulesti,44.75,23.916667
buhaceni,47.816667,27
buhaeni,47.5,27.283333
buhaesti,46.783333,27.516667
buhai,47.966667,26.3
buhalnita,47.383333,26.916667
buhalnita,47.016667,26.066667
buhanca,47.033333,26.983333
buhoce,46.55,27.016667
buicani,44.966667,22.733333
buicesti,44.55,23.366667
buicesti,44.5,24.433333
buicesti de pluta,44.566667,23.35
buimaceni,47.666667,27.083333
buituri,45.766667,22.916667
bujor,45.8,22.066667
bujor,45.866667,27.9
bujor,46.683333,24.15
bujoreanca,44.583333,25.816667
bujoreanca,44.733333,25.883333
bujoreni,45.133333,24.35
bujoreni,44.6,24.916667
bujor-sat,45.883333,27.916667
bujoru,44.233333,23.65
bujoru,43.716667,25.566667
bukkloka,46.466667,25.95
bukkszoldobagy,47.6,23.05
bulaci,44.4,25.333333
bulaia,47.6,26.233333
bulai-bosanci,47.633333,26.25
bulboaca,46.55,27.766667
bulbucani,47.383333,27.25
bulbucata,44.283333,25.803333
bulbuc,46.016667,23.283333
bulbuceni,44.7,23.566667
bulcs,46,22.1
bulenii,45.083333,24.016667
buleta,45.033333,24.25
bulgari,47.333333,23.15
bulgarien,44.366667,28.45
bulgaru,44.366667,25.966667
buliceni,47.35,25.366667
buliga,44.366667,27.8
buliman,45.166667,23.983333
buliman,44.433333,26.683333
buliman,44.683333,25.9
bulimanu,44.9,24.416667
buluc,45.783333,27.05
bulza,45.933333,22.333333
bulzani,46.216667,22.666667
bulz,46.366667,23.6
bulz,46.916667,22.683333
bulzesta,44.533333,23.883333
bulzesti,46.266667,22.733333
bulzesti de jos,46.25,22.75
bulzu,45.333333,23.15
bumbata,46.484444,28.223056
bumbesti,45.116667,23.65
bumbesti-galbenu,45.116667,23.716667
bumbestii-jiu,45.166667,23.4
bumbueni,44.733333,24.766667
bumbuesti,45.433333,24.35
bumbuia,44.783333,25.316667
bunajka,44.799444,22.553611
bundea,44.45,24.9
bundorf,46.1,25.05
bunea mare,45.9,22.1
bunea mica,45.916667,22.083333
buneni,47.866667,26.916667
bunesti-bucovina,47.516667,26.283333
bunesti,46.066667,23.033333
bunesti,45.016667,24.75
bunesti,47.05,23.866667
bunesti,46.833333,27.966667
bunesti,44.833333,24.016667
bunesti,45.116667,24.183333
bunesti,45.2,25
bunestii,45.033333,24.633333
bungard,46.933333,24.333333
bungeni-vladea,46.633333,27.316667
bungetani,44.566667,24.016667
bungeti,44.916667,23.983333
bungetu,44.85,25.533333
bunghi,46.9,27.116667
bunguri,47.083333,24.366667
bunila,45.7,22.666667
buninti,47.666667,26.183333
burca,45.9,26.933333
burcelu,46.866667,27.766667
burchi,44.75,26.016667
burcioaia,46.066667,27.2
burda,46.683333,22.483333
burdalesti,44.716667,24.116667
burdeni,44.366667,24.95
burdesiti,44.733333,24.95
burdesti,45.45,23.433333
burduca,44.733333,25.4
burdugani,46.483333,27.066667
burdujeni,47.683333,26.283333
burdujeni-sat,47.666667,26.283333
burdusaci,46.366667,27.4
burdusani,44.8,25.333333
bureanca,47.166667,24.633333
burgberg,45.9,24.35
burghelesti,46.666667,27.816667
burias,44.733333,25.983333
buricoasa,45.433333,26.3
burila mare,44.452778,22.573611
burila mica,44.420556,22.589444
burjuc,45.95,22.483333
burla,47.783333,26.8
burla,47.783333,25.933333
burlaci,46.5,27.55
burlanesti,45.1,25.233333
burlani,45.033333,23.7
burlesti,47.75,26.833333
burlug,46.333333,27.4
burlusi,45.116667,24.533333
bursucani,46.05,27.766667
bursuc,47.15,23.933333
bursuc,47.316667,26.7
bursuceni,47.65,26.466667
bursuci,46.216667,27.85
bursuc-vale,47.366667,26.683333
burtoiu,44.366667,23.383333
burtuca,46.016667,23.066667
buruenesti,47,26.983333
buruenesti,45.316667,26.35
buruenis de sus,46.516667,26.183333
burzesti,46.4,22.933333
burzuc,47.15,22.183333
busaga,45.133333,24.683333
busag,47.65,23.416667
busca,44.116667,24.8
buscata,46.633333,27.4
busesti,44.948611,22.710833
busiasch,45.649167,21.603611
busmei,47.15,25.833333
busmeni,47.233333,26.066667
busniceni,47.85,26.416667
bustea,45.516667,26.6
bustea,46.633333,27.733333
busteni,45.4,25.533333
busteni,44.533333,23.833333
bustia-palerma,46.2,27.65
bustucheni,44.966667,23.733333
busu,44.45,23.233333
busuicenii-vale,47.85,26.4
busuioc,44.816667,23.666667
busuletu,44.466667,23.25
buta,44.316667,24.716667
butani,47.016667,22.433333
butanu,44.75,23.85
butari,44.733333,24.116667
butculesti,44.216667,25.066667
butea,47.066667,26.916667
buteasa,47.45,23.55
buteasa,44.316667,25.366667
buteni,46.783333,22.983333
butesti,46.3,23.35
butesti,45.033333,24.783333
butesti,44.383333,25.366667
butimanul lucianca,44.7,25.883333
butin,45.333333,21.383333
butnaresti,46.883333,26.766667
butoesti,44.583333,23.366667
butoiu,44.3,24.2
butoiu,44.666667,26.866667
butoiu de jos,44.833333,25.266667
butoiu de sus,44.866667,25.283333
butucaria,46.8,27.616667
butucari,46.416667,26.633333
butuceni,45.666667,27.383333
butuci,45.166667,26.383333
butuluca,47.266667,27.316667
butura,46.15,23.883333
buturugari,44.166667,25.933333
buturugeni,44.365278,25.835278
buturugeni-uzunu,44.15,26.966667
buza,46.9,24.15
buza,46.6,24.833333
buzad,45.933333,21.55
buzas,47.3,23.583333
buzati,47.2,26.55
buzau,45.15,26.833333
buzau mic,45.6,26
buzd,46.133333,24.416667
buzduc,44.25,24.033333
buzdugan,48.1,26.766667
buzdugan,45.066667,24.133333
buzdug,46.966667,27.15
buzeni,47.683333,26.733333
buzescu,44.016667,25.233333
buzesti,45.116667,23.516667
buzesti,47.616667,23.35
buznea,47.183333,27.016667
buznea-noua,47.166667,27.033333
buzoeni,44.4,26.8
buzoeni-razesi,46.883333,27.566667
buzoesti,44.583333,24.916667
buzoianu,44.6,25.716667
buzota,45.116667,26.25
cabesti,46.016667,22.766667
cabesti,46.766667,22.366667
cabesti,46.2,27.433333
cacaleti,45.033333,24.766667
cacaleti,44.116667,24.016667
cacaleti,44.733333,22.633333
cacaleti,43.883333,25.666667
cacaleti de jos,44.733333,25.05
cacarau,46.3,22.183333
cacarezeni,44.6,24.75
caceamac,44.1,28.183333
cacica,47.633333,25.9
caciulata,46.716667,24.4
caciulata,45.25,24.333333
caciulatesti,43.95,23.95
caciulati,46.85,26.816667
caciulati,43.9,28.033333
caciulati,44.633333,26.166667
caciulatu,44.316667,23.416667
caciulesti,46.966667,26.433333
cacomeanca,44.233333,27.216667
cacoti,44.535278,22.920556
cacova,46.35,23.633333
cacova,45.118611,21.598889
cacova,44.65,25.266667
cacova,45.75,23.916667
cacova,45.15,24.183333
cacova ierii,46.55,23.466667
cacovita,45.883333,23.616667
cacuciu,46.733333,24.85
cacuciu nou,47.033333,22.466667
cacuciu vechi,47.016667,22.483333
cadaciu mare,46.333333,25.1
cadar,45.533333,21.533333
cadaresti,46.433333,26.066667
cadea,47.333333,22.083333
cadichioi,43.766667,28.383333
cadiseni,46.316667,25.316667
caian,46.783333,23.916667
caianul-mare,47.233333,24.183333
caianul-mic,47.233333,24.15
caianu vama,46.816667,23.866667
caiata,45.533333,27.15
caila,47.133333,24.366667
cainelu de jos,45.95,22.816667
cainelu de sus,46.05,22.9
caineni,45.2,27.333333
caineni,45.116667,23.383333
caineni,45.483333,24.3
caituna,44.966667,26.95
caiuti,46.183333,26.933333
cajvana,47.7,25.966667
calacea,46.666667,21.933333
calacea,47.1,23.466667
calacea,45.949167,21.143611
calachioi,44.5,28.083333
calafat,43.991111,22.932778
calafindesti,47.85,26.116667
calaicea,44.05,27.716667
calan,45.733333,22.983333
calanul-mic,45.75,23
calaparu de jos,44.683333,23.333333
calaparu de sus,44.683333,23.316667
calapodesti,46.316667,27.283333
calarasesti,45.1,23.866667
calarasi,46.483333,23.866667
calarasi,47.616667,27.266667
calarasi,43.8,24.05
calarasi,44.2,27.333333
calarasi-gara,46.483333,23.883333
calarasii vechi,44.266667,27.283333
calareti,44.483333,26.6
calata,46.8,23.016667
calata mare,46.8,23
calatani,47.066667,22.2
calatea,46.983333,22.4
calatele,46.766667,23.016667
calbor,45.866667,24.9
calcaiul,46.2,26.6
calceasca,45.1,25.016667
calcesti,44.968889,22.960278
calcesti,44.683333,22.95
caldararu,44.416667,26.266667
caldararu,44.45,24.95
caldarasti,44.9,27.033333
caldarusa,45.116667,27.6
caldarusa,45.3,26.75
caldarusanca,44.883333,26.683333
caldarusani,44.75,26.366667
caldarusani,44.683333,26.266667
calea lata,46.95,22.816667
calea mare,46.9,22.083333
calea pietroasa,45.3,25.1
calfa,44.816667,28.35
calfachioi,43.883333,28.083333
calica,45.016667,29.033333
calicu,45.65,27
calieni,44.75,22.966667
calieni,45.6,27.5
calienii noi,45.583333,27.483333
caligi,45.2,24.533333
caliman,45.9,26.916667
calimaneasa,46.116667,27.4
calimanel,46.95,25.333333
calimanesti,46.416667,24.733333
calimanesti,45.966667,27.216667
calimanesti,45.233333,24.333333
calina,45.233333,21.7
calina,44.716667,24.25
calinesti,44.816667,25.05
calinesti,47.766667,26.466667
calinesti,44.45,23.916667
calinesti,47.783333,23.983333
calinesti,47.9,23.3
calinesti,47.4,25.5
calinesti,44.083333,25.233333
calinesti,45.366667,24.3
calinesti,44.066667,24.683333
calinesti de jos,44.809722,22.676111
calinesti de sus,44.817778,22.648611
calinesti-enache,47.783333,26.133333
calinesti-vasilache,47.75,26.133333
calini,46.583333,27.25
calmatui,45.683333,27.65
calmatuiu,43.966667,24.866667
calna,47.183333,23.65
calnaci,46.85,25.4
calnau de jos,44.3,26.316667
calnic,45.883333,23.666667
calnic,45.333056,21.863333
calnic,45.933333,25.783333
calniceni,44.808056,22.86
calnicu,44.95,23.083333
calomfiresti,43.916667,25.35
calonda,46.433333,25.183333
caloparu,44.166667,23.766667
caltesti,45.116667,26.583333
caltuna,44.383333,25.933333
calu,46.833333,26.433333
calugara mare,46.55,26.833333
calugar,46.416667,22.483333
calugareasa,45.033333,23.65
calugareasca,44.4,24.733333
calugarei,44.3,23.25
calugareni,46.116667,21.15
calugareni,46.733333,27.016667
calugareni,47.916667,26.683333
calugareni,44.666667,28.366667
calugareni,46.283333,25.4
calugareni,45.05,22.816667
calugareni,46.633333,24.883333
calugareni,47.066667,25.95
calugareni,47.766667,26.283333
calugareni,44.15,25.483333
calugareni,46.733333,27.566667
calugareni,45.083333,26.383333
calugarenii,44.7,25.716667
calugarenii noi,47.916667,26.666667
calugari,44.666667,24.616667
calugari,45.233333,26.85
calugarita,44.783333,25.166667
calugarita,47,27.05
calugarita,44.116667,25.4
calugaritele,45.383333,26.383333
calugaru,44.766667,23.616667
caluiu,44.45,24.066667
calulestii,45.216667,25.116667
calusei,46.6,24.733333
calvasar,46.016667,24.166667
camara sighet,47.933333,23.916667
camarasu,46.783333,24.133333
camarasu,44.55,25.783333
camarasul,46.833333,23.95
camarazana,48,23.316667
camar,47.3,22.616667
camarzani,47.4,26.383333
camber,44.95,28.65
camburu,45.383333,26.416667
camena,44.909167,22.508333
camena,44.8,28.6
camenita,44.76,21.838333
camin,47.733333,22.483333
camineasca,44.168889,25.816944
camna,46.316667,21.95
camna,45.066667,22.416667
campa,45.45,23.45
campenesti,46.85,23.7
campeni,46.6,26.616667
campeni,44.366667,24.016667
campeni,44.766667,23.916667
campenita,46.65,24.483333
campia,44.861944,21.412778
campia,47.316667,22.883333
campia turzei,46.55,23.883333
campina,45.133333,25.733333
campineanca,45.7,27.133333
campinita,45.15,25.716667
campu-fomii,45.05,23.133333
campul crucii,44.5,23.383333
campul-lui-neag,45.3,23.05
campul mare,44.75,24.316667
campul parului,43.9,24.333333
campulung,47.533333,25.566667
campulungeanca,45.433333,26.766667
campulung-la tisa,47.983333,23.766667
campu-mare,45.033333,23.533333
campu mare,44.860556,22.887778
campumare,47.95,25.916667
campurelu,44.232778,26.184167
campuri-de-jos,46.016667,26.783333
campuri de-sus,45.95,22.55
campurile de sus,46.033333,26.766667
campuri surduc,45.933333,22.55
camuesti,44.9475,22.896667
canalu,44.316667,23.8
canara,44.266667,28.566667
canat calfa,44.933333,28.3
canciu,47.283333,23.983333
candeasca,44.483333,26.45
candelele,44.866667,24.55
candesti,45.25,26.7
candesti,45.083333,25.216667
candesti,47.916667,26.2
candesti,45.533333,27.05
candesti,45.316667,24.966667
candesti-deal,45.05,25.183333
candu,46.6,24.883333
canela,44.366667,26.333333
canela,44.65,26.233333
canesti,45.4,26.6
canicea,45.066667,22.35
canicea,44.972222,22.618889
canlia,44.133333,27.533333
canli-cicur,43.8,28.266667
cantacuzu-adunati,44.6,25.116667
cantalaresti,46.733333,27.616667
cantemir,44.026111,25.815278
canurile,44.083333,28.366667
caoiu,45.866667,22.8
capaclia,45.233333,28.466667
capalna,45.85,23.6
capalna,46.733333,22.1
capalna,46.366667,24.433333
capalna de jos,46.233333,24.1
capalnas,45.966667,22.216667
capalnea,47.25,23.733333
capalnita,46.366667,25.516667
capata,46.316667,26.866667
capatanenii,45.333333,24.633333
capatanenii pamantenii,45.316667,24.65
capatanesti,44.916667,24.783333
capatanestii,45.183333,26.8
capatanu,45.766667,27
capat,45.684722,21.663889
capatina,46.65,26.45
capatinesti,44.75,22.983333
capeni,46.016667,25.55
capet,46.583333,25.066667
capinteni,44.616667,23.516667
capistere,44.483333,23.666667
capleni,47.716667,22.5
caporal alexa,46.333333,21.583333
capotesti,46.25,27.266667
capotesti,45.816667,27.116667
capra,47.25,25.7
capreni,44.75,23.616667
caprenii de sus,44.766667,23.633333
caprioara,45.983333,22.266667
caprioara,47.1,23.533333
caprioara,45.133333,28.4
caprioru,44.983333,25.266667
cap rosu,45.05,25.783333
capsa,46.9,26.116667
capsuna,44.816667,25.333333
captalan,46.4,23.95
captalani,46.3,27.35
capu campului,47.5,26
capuci,44.616667,28.183333
capu coastei,45.15,25.216667
capu codrului,47.533333,25.983333
capu corbului,47,25.633333
capud,46.2,23.733333
capu dealului,46.883333,24.433333
capu dealului,44.633333,23.483333
capu dealului,44.666667,24.233333
capu dealului,46,23.966667
capu dealului,44.983333,24.233333
capul-piscului,45,24.75
capul-piscului,45.183333,24.966667
capul plaiului,44.95,25.566667
capu piscului,44.733333,24.15
capu rediului,47.216667,27.5
capu satului,45.383333,26.55
capuseni,46.516667,27.683333
capusu de cimpie,46.55,24.316667
capusul-mare,46.783333,23.3
capusul-mic,46.8,23.266667
cara aaci,43.983333,28
caraamat,44.1,27.85
carabaca,44,28.15
caracadiesti,44.65,24.133333
caracal,45.016667,24.883333
caracal,44.116667,24.35
cara,46.75,23.783333
caracas,47.166667,26.866667
carachioi,43.916667,28.383333
caracicula,43.8,28.533333
caraciu,46.15,22.683333
caraclar,43.95,28.2
caraclau,46.316667,26.716667
caracoim,44.316667,28.6
caragele,44.983333,27.033333
caraharman,44.45,28.733333
caraibil,45.05,29.016667
caraiman,47.916667,27.083333
caraiman,44.35,23.383333
caramidari,45,27.55
caramidari,44.785833,22.863333
caranasuf,44.566667,28.716667
carandeni,46.85,22.066667
carandu,46.45,22.083333
carani,45.908056,21.160556
caranlic,44.1,27.75
caransebes,45.416667,22.216667
caransebesul nou,45.4,22.216667
caranzel,46.833333,22.033333
caraomer,43.816667,28.2
caraorman,45.083333,29.4
carapancea,44.099722,25.713333
carapcesti,45.966667,27.65
carapelit,44.733333,28.216667
carasa,47.95,26.5
carasau,46.7,22.05
caraseu,47.733333,23.1
carasova,45.198611,21.87
carastau,46.166667,22.65
carastelec,47.3,22.7
caratai,44.266667,28.4
caratal,44.65,28.266667
caratnau de jos,45.466667,26.75
caratnau de sus,45.466667,26.8
caraula,44.183333,23.25
caraus de jos,47.433333,25.316667
carausi,44.6,26.933333
caravaneti,43.966667,24.883333
carbesti,44.933333,23.2
carbunar,47.566667,23.65
carbunari,46.683333,22.5
carbunari,44.766667,25.966667
carbunari,44.834444,21.744167
carbunari,46.983333,27.5
carbunesti,44.95,23.55
carbunesti,45.233333,26.2
carcaliu,45.183333,28.15
carcea,44.266667,23.9
carceni,44.666667,23.266667
carcesti,44.966667,24.55
carciu,44.9,22.833333
carciul,44.733333,23.066667
carciuma lui visan,44.733333,25.5
carciumarestii,44.8,25.116667
cardon,45.233333,29.633333
carei,47.683333,22.466667
caresti,46.383333,22.833333
cariera capitus al doilea,46.15,25.866667
carja,46.144444,28.106111
carja de jos,46.133333,28.1
carjari,45.1,25.95
carjei,44.539167,22.815
carjelari,44.95,28.333333
carjii,46.166667,26.733333
carjiti,45.85,22.833333
carjoaia,47.35,26.933333
carjoani,46.316667,27.516667
carlanesti,45.1,25.5
carlesti,46.85,27.616667
carlibaba,47.583333,25.133333
carlibaba noua,47.566667,25.133333
carligatii,46.621111,28.084722
carligatii-vechi,46.615833,28.066111
carlig,47.216667,27.55
carlige,45.683333,27.1
carligei,44.283333,23.733333
carligei,45.1,23.683333
carligi,46.766667,26.833333
carligul mare,44.85,26.75
carligul-mic,44.833333,26.766667
carlogani,44.683333,23.916667
carlogani,44.516667,24.15
carloman,43.916667,24.95
carlomanesti,45.233333,26.683333
carlomanesti,45.983333,27.583333
carmazinesti,46.016667,22.633333
carmen-sylva,45.7,27.466667
carna,43.883333,23.6
carna,46.4,27.383333
carnatin,47.816667,24.433333
carnecea,45.200556,21.638889
carnesti,45.55,22.866667
carniceni,47.35,27.516667
carnu,46.95,26.1
c.a. roseti,45.05,27.166667
c.a. rosetti,45.3,29.566667
caroteni,45.483333,27.033333
carpa,45.35,22.266667
carpen,45.966667,23.783333
carpen,44.333333,23.25
carpenii de sus,46.016667,23.75
carpenis,45.866667,23.066667
carpeniste,45.366667,26.75
carpenisu,44.536111,25.625556
carpestii mari,46.816667,22.233333
carpestii mici,46.816667,22.2
carpinenii,46.1,26.216667
carpinis,45.833333,23.666667
carpinis,45.65,25.766667
carpinis,44.083333,27.7
carpinis,47.566667,23.7
carpinis,45.787222,20.904167
carpinis,45.083333,24.316667
carpinis-sat,46.316667,23.05
carpinisu,45.183333,23.583333
carpinis-virtop,46.316667,23.083333
carpiti,47.283333,27.583333
carsa rosie,44.814444,21.811667
carsochesti,45.733333,26.75
carstanesti,45.05,24.05
carstesti,44.483333,24.65
carstieni,44.866667,25.033333
carstovani,44.35,23.6
carta,46.533333,25.75
carta,45.783333,24.566667
cartibasi,46.45,27.65
cartieru dimbu,44.916667,26.083333
cartierul d. apostol,44.933333,26.016667
cartieru nou,44.366667,27.833333
cartieru nou,46.9,26.1
cartieru nou,46.816667,27.233333
cartieru viilor,44.7,21.85
cartiu,45.116667,23.316667
cartocleasca,43.883333,25.45
cartojanca,44.266667,25.533333
cartojani,44.433333,25.483333
caruia,44.316667,23.55
carvan,44.033333,27.566667
carvanu mare,44.033333,27.583333
casa de piatra,46.533333,22.783333
casa imparateasca,44.983333,24.316667
casapchioi,44.633333,28.733333
casaria,46.983333,26.416667
casa veche,44.866667,24.316667
cascioarele,43.85,28.1
cascioarele,44.126111,26.469722
cascioarele,44.498333,25.630556
casei,47.183333,23.866667
casele baicalata,46.566667,23.366667
casele micesti,46.65,23.616667
casian,44.5,28.483333
casicea,43.966667,28.266667
casicea-gara,43.95,28.266667
casimcea,44.733333,28.366667
casin,46.2,26.75
casinul nou,46.2,26.05
casinu mic,46.066667,26.133333
casla,45.166667,28.716667
casoaia,46.383333,22.766667
casoasa,46.65,26.466667
casoca,45.483333,26.25
casolt,45.783333,24.283333
casota,44.85,26.7
casovatu,44.533333,23.266667
castani,44.666667,24.666667
castau,45.816667,23.216667
castel turnul rosu,45.616667,24.25
castelu,44.25,28.333333
castrele traiane,44.216667,23.183333
casva,46.783333,24.866667
cata,46.083333,25.266667
catalina,47.033333,23.5
catalina,45.966667,26.15
catalina,47.6,23.55
cataloi,45.1,28.733333
catalu,47.133333,22.983333
catalusa,46.466667,27.1
catalusa,47.15,22.983333
catamarasti,47.75,26.566667
catamaresti-deal,47.766667,26.6
catane,44.633333,24.766667
catanele,44.75,25.3
catanele,43.933333,23.416667
catanele,44.383333,24.566667
catanele,44.466667,25.95
catanele noi,43.95,23.416667
catauti,45.533333,26.833333
cat,47.2,21.916667
catcau,47.2,23.783333
cateasca,44.766667,25.083333
cateasca-orislop,45.15,24.95
catelesti,46.666667,26.933333
catelu,44.833333,23.966667
catelu,44.4,26.216667
catiasu,45.4,26.216667
catiasu-plescari,45.383333,26.283333
catichea,44.416667,25.883333
catina,46.85,24.183333
catina,45.016667,25.783333
catina,45.3,26.25
catinca,44.883333,25.833333
catrinari,47.183333,25.466667
catrunesti,44.55,26.4
catuna,47.15,26.516667
catunele,44.864167,22.906944
catunu,44.9,26.133333
catunu,44.416667,25.316667
catunu de sus,44.483333,24.333333
catunu din cimp,44.85,24.966667
catunu fermei de stat,46.45,24.283333
catunul,44.75,25.883333
catunu-sesuri,46.5,26.566667
catunu viile noi,44.15,28.6
cauaceu,47.166667,21.95
cauas,47.566667,22.55
cauasd,46.783333,21.816667
cauesti,46.916667,27.533333
cauesti,46.016667,27.7
caugagia,44.8,28.666667
cauia,46.283333,27.283333
cauia de sus,46.283333,27.266667
cauli-buceag,44.733333,28.766667
causeni,47.033333,27.1
cautiseni-burchi,46.7,27.016667
cavadinesti,46.066667,28.016944
cavaran,45.55,22.15
cavargic,44.466667,28.533333
cavgagi,44,28.133333
cavnic,47.666667,23.866667
cavos,45.441389,20.881111
cazachi,44.8,25.55
cazaneasca,44.266667,25.133333
cazanesti,46.15,22.5
cazanesti,44.723333,22.890556
cazanesti,44.616667,24.366667
cazanesti,46.233333,26.7
cazanesti,45.033333,24.483333
cazanesti,44.616667,27.016667
cazasu,45.283333,27.9
cazilmurat,43.966667,28.133333
ceaba,47.05,24.1
ceabacu,44.333333,28.166667
ceaca,47.183333,23.566667
ceacu,44.266667,27.25
ceahlau,47.05,25.966667
ceairu,45.483333,26.933333
ceamurlia de jos,44.733333,28.716667
ceamurlia de sus,44.75,28.6
cean,47.45,22.516667
ceanu desert,46.633333,23.716667
ceanul-mare,46.666667,23.95
cearangu,44.281667,22.978333
ceardac,45.666667,27.166667
cearingani,44.616667,23.283333
ceatal,45.283333,28.783333
ceatal sfantu gheorghe,45.183333,28.883333
ceatmalar,44.05,28.6
ceauasul-de-camp,46.633333,24.516667
ceauresti,45.05,24.55
ceauru,44.966667,23.183333
ceaus,46.333333,24.433333
ceauschiei,44.783333,28.416667
ceausesti,44.75,24.95
ceausu,45.366667,27.116667
cebza,45.55,21.066667
cecalaca,46.383333,24.05
cechesti,46.316667,25.016667
cefa,46.916667,21.733333
cegani,44.466667,27.9
cegaz,46.466667,23.633333
cehaiu,47.25,22.783333
cehal,47.383333,22.6
cehalut,47.416667,22.566667
cehetel,46.4,25.133333
cehul-silvaniei,47.416667,23.183333
ceica,46.85,22.183333
ceie,46.466667,24.9
ceir,47.616667,27.116667
ceisoara,46.85,22.2
celaru,44.05,24.133333
celebichioi,44.283333,28.166667
celei,45.016667,22.933333
celeiu,43.766667,24.45
celnata,44.679444,22.805833
cenad,46.133333,20.583333
cenade,46.05,24.016667
cenalos,47.25,22.15
cend,46.483333,23.716667
cenei,45.715833,20.903889
centatea,44.1,23.05
centieni,46.966667,26.666667
centru,46.933333,22.566667
cepari,44.8,24.683333
cepari,47.233333,24.433333
cepari,44.5,24.166667
cepari,45.216667,24.566667
ceparii-ungureni,45.2,24.55
cepesti,44.716667,24.366667
cepesti,46.383333,27.683333
ceplea,44.7,23.4
ceplenita,47.383333,27.016667
ceptura de jos,45.016667,26.316667
cepturasu,45.3,26.233333
ceptureni,44.966667,22.783333
cerasu,45.316667,26.033333
ceratu,44.983333,23.466667
ceratu,44.066667,23.666667
ceratu de copacioasa,45.016667,23.433333
cerbal,45.783333,22.716667
cerbaru,44.233333,25.2
cerbeni,44.733333,24.383333
cerbeni,44.8,24.4
cerbesti,46.916667,22.866667
cerboaia,46.133333,22.516667
cerbu,44.75,24.816667
cerbu,46.716667,26.683333
cerbu,47.616667,26.85
cerbu,44.816667,28.416667
cerbu,45.333333,24.25
cerbu,45.583333,26.733333
cerbureni,45.183333,24.7
cerc,46.533333,23.75
cerchejeni,47.7,26.883333
cerchezchioi,43.816667,28.1
cercu,47.083333,27.616667
cerdac,46.233333,26.533333
cere,46.65,23.35
ceretu,44.9,24.466667
ceretu,44.216667,24.883333
cergaul-mare,46.1,23.916667
cergaul-mic,46.083333,23.933333
cerghid,46.416667,24.45
cerghizel,46.433333,24.45
cerisa,47.183333,22.583333
cerisor,45.75,22.766667
cermegesti,44.883333,24.133333
cermei,46.55,21.85
cerna,45.083333,28.316667
cerna,45.166667,23.85
cerna,45.560833,21.402778
cernadia,45.116667,23.25
cernadia,45.183333,23.733333
cernahevica,44.797222,22.394444
cernahora,47.133333,22.433333
cernaia,44.65,23.133333
cernat,45.616667,25.683333
cernat,44.4,23.433333
cernatesti,45.266667,26.766667
cernatesti,44.45,23.433333
cernati,46.383333,27.666667
cernatu de sus,45.966667,26.016667
cerna-varf,44.922778,22.679722
cernavoda,44.366667,28.016667
cerneci,44.633056,22.709167
cernele,44.333333,23.733333
cernelele,45.066667,24.166667
cernelele de sus,44.35,23.733333
cernesti,47.616667,27.083333
cernesti,47.516667,23.75
cernesti,45.95,27.283333
cernesti,45.25,26.033333
cernet,44.933333,24
cerneteaz,45.85,21.266667
cernica,44.416667,26.283333
cernicari,45.816667,27.433333
cernica-tangau,44.4,26.3
cernisoara,45.033333,23.983333
cernisoara-floreasca,45.683333,22.666667
cernuc,47.116667,23.483333
cernu,46.466667,26.566667
cersani,44.716667,24.933333
certege,46.416667,23.033333
certeju de jos,46.016667,22.65
certeju de sus,45.966667,22.966667
certesti,46.016667,27.616667
certeze,47.9,23.466667
ceru-bacainti,45.983333,23.25
cervenia,43.833333,25.466667
cervenita,44.641944,22.960833
cervicesti,47.8,26.5
cervicesti-crac,47.783333,26.516667
cesariu,46.95,24.016667
cetad,45.871944,20.799444
cetal,47.183333,23.8
cetariu,47.133333,22.016667
cetatea,44.933333,23.133333
cetatea,43.95,25.966667
cetatea de balta,46.25,24.166667
cetateaua,44.766667,24.2
cetatea veche,44.133333,26.766667
cetatea voluntareasca,44.466667,26.133333
cetatele,47.6,23.75
cetateni,45.2,25.183333
cetatenii,45.183333,25.2
cetatuia,46.55,26.7
cetatuia,45.283333,28.266667
cetatuia,46.25,25.9
cetatuia,44.116667,23.466667
cetatuia,46.433333,27.433333
cetatuia,45.116667,24.366667
cetea,46.233333,23.583333
cetea,47.016667,22.566667
cezieni,44.183333,24.266667
cheajna,44.46,25.973333
checea,45.753056,20.834722
checea croata,45.75,20.833333
checea romana,45.741111,21.849167
cheches,45.9,21.75
chechis,47.583333,23.6
chechis,47.166667,23.316667
chedia mare,46.333333,25.05
chedia mica,46.333333,25.066667
chegea,47.466667,22.683333
chegea-huta,47.483333,22.683333
cheglevici,46.116667,20.45
cheia,46.3,23.45
cheia,45.45,25.933333
cheia,46.533333,23.716667
cheia,44.516667,28.433333
cheia,45.183333,24.216667
chelani,46.466667,24.033333
chelengic,44.5,28.35
chelinta,47.45,23.316667
chelis,47.65,26.916667
chelmac,46.083333,21.883333
chendrea,47.116667,23.3
chendremal,47.016667,23.283333
chendu,46.383333,24.733333
chendul-mic,46.4,24.716667
cheoveni,45.416667,27.566667
chepet,46.033333,25.566667
cherasti,44.85,23.933333
cherechiu,47.383333,22.133333
cherelus,46.466667,21.716667
cheresig,47.033333,21.7
cherestes,45.473611,20.877778
cherestur,46.133333,20.383333
chereusa,47.5,22.45
cherghes,45.85,22.8
cherimcuius,44.066667,27.933333
cheriu,47.016667,22.033333
cherlesti deal,44.533333,24.333333
cherlesti-din vale,44.516667,24.333333
cherpenet,46.716667,22.216667
chersacosu,46.716944,28.133889
chertic-punar,44,28.083333
chesa,46.75,22.033333
chesau,46.816667,24.016667
chesereu,47.433333,22.116667
chesint,46.05,21.566667
chesler,46.133333,24.183333
chesnoiu,45.833333,25.883333
chetcanii,45.95,27.1
chet,47.416667,22.35
chetfel,46.016667,21.05
chetreni,46.3,27.416667
chetresti,46.683333,27.583333
chetris,46.466667,26.983333
chetrosu,46.616667,26.766667
chetrosu,46.583333,27.483333
cheud,47.383333,23.333333
cheveres,45.666944,21.490833
chezdi matanus,46.016667,26.283333
chiasu,43.8,24.083333
chibed,46.533333,24.966667
chibulcut,46.833333,24.35
chiceni,45.1,24.05
chicera,46.3,27.4
chicera,45.916667,27.083333
chicerea,46.966667,27.116667
chichinetu,44.816667,27.283333
chichirau,45.65,26.066667
chichirdic,47.016667,27.15
chichisa,47.133333,23.2
chichis,45.783333,25.8
chicioara,44.616667,23.566667
chicioara,45.166667,24.25
chicioreni,45.316667,26
chiciura,44.666667,23.116667
chidea,46.983333,23.6
chier,46.35,21.816667
chiesd,47.383333,22.883333
chigic,46.983333,22.166667
chiheru de sus,46.683333,24.9
chileni,46.683333,25.566667
chilia benei,46.333333,27.116667
chilia,44.783333,24.566667
chilia,47.35,25.383333
chilia,44.4775,22.649722
chilia,47.033333,26.633333
chilia,44.266667,24.216667
chilia,47.633333,23.083333
chilia,45.2,24.3
chilieni,45.833333,25.8
chilieni,46.3,27.483333
chilieni,43.9,24.616667
chilieni de sus,46.316667,27.466667
chilii,46.8,27.033333
chiliile,45.45,26.583333
chiliile,44.216667,24.416667
chiliile de jos,46.633333,26.416667
chiliile de sus,46.65,26.4
chilimenti,44.883333,24.95
chilioara,47.333333,23.033333
chiliseni,47.566667,26.466667
chilisoaia,47.166667,27.3
chiliu,44.976389,22.9275
chimindia,45.9,23
chinari,46.6,24.583333
chincis,46.35,24.183333
chintelnic,47.1,24.333333
chinteni,46.866667,23.533333
chintesti,44.4,24.116667
chintinci,46.816667,26.483333
chinusiu,46.25,25.35
chioag,47.183333,22.15
chioara,44.65,27.833333
chiochis,46.983333,24.183333
chioibasesti,44.783333,27.266667
chiojdeanca,45.166667,26.266667
chiojdeni,45.55,26.866667
chiojdenii mari,45.566667,26.866667
chionea,44.481944,25.798889
chiorasti,45,24.6
chiorasti,45.483333,26.583333
chior-cismea,44.45,28.25
chioseler,44.016667,28.066667
chiosesti,45.25,25.616667
chiperesti,47.116667,27.766667
chiperu,45.433333,26.9
chiraftei,46.766667,28.033333
chiragi,43.816667,28.35
chiralau,47.3,22.3
chirales,47.083333,24.3
chirca,44.683333,25.366667
chirca,44.35,26
chircesti,46.85,27.833333
chircesti-pirieni,46.85,27.816667
chircesti-rusi,46.85,27.85
chirculeasa-mariuta,44.266667,25.683333
chirculesti,44.666667,23.933333
chirculesti,44.265,25.921944
chircuta,44.4,26.516667
chireni,48.15,26.883333
chiriac,45.8,26.633333
chiriac,44.047778,25.772222
chiribis,47.316667,22.35
chiricari,45.816667,26.783333
chiricel,46.416667,26.433333
chiricesti,44.883333,24.1
chirileni,47.266667,25.383333
chirilesti,45.566667,27.65
chirileu,46.466667,24.383333
chiris,46.9,24.066667
chiriteasca,44.55,24.6
chiritesti,44.716667,24.966667
chiritesti,44.266667,26.016667
chirlesti,45.366667,26.316667
chirnogeni,43.9,28.233333
chirnogi,44.116667,26.566667
chiroiu,44.6,26.5
chiroiul-ungureni,44.583333,26.483333
chiroiu nou,44.6,26.483333
chirpar,45.9,24.6
chisalita,46.533333,24.316667
chisarai,47.266667,27.666667
chisatau,45.75,21.733333
chisau,47.466667,22.483333
chiscadaga,45.95,22.883333
chiscani,45.183333,27.933333
chiscarani,47.966667,26.833333
chiscareni,47.466667,27.2
chiscovata,47.566667,26.65
chiselet,44.183333,26.85
chiseta,46.5,26.883333
chisinau-cris,46.533333,21.516667
chisirid,46.966667,21.9
chisirig,46.866667,25.983333
chislaca,46.55,21.95
chislaz,47.283333,22.233333
chisoda,45.7,21.216667
chistag,47.05,22.366667
chita,44.283333,25.85
chitani,44.75,24.65
chitcanii,46.133333,27.416667
chitcauti,48.1,26.683333
chitesti,44.85,25.133333
chiticeni,46.666667,27.083333
chitid,45.7,23.066667
chitila,44.508056,25.982222
chitimi,44.866667,22.866667
chitoc,46.6,27.666667
chitorani,44.983333,26.1
chitoveni,47.566667,26.933333
chituci,44.816667,24.116667
chitulesti,44.183333,25.383333
chiuesti,47.3,23.883333
chiurus,45.816667,26.15
chiuza,47.233333,24.25
chiuzbaia,47.7,23.683333
chizdia,45.933333,21.733333
chizeni,47.283333,23.633333
ciacova,45.508056,21.128611
ciapa,47.316667,26.833333
ciaracio,46.416667,25.75
ciaranca,44.983333,26.716667
ciarda-iapa,47.933333,23.833333
ciba,46.466667,24.566667
ciban,45.6,23.666667
cib,46.066667,23.183333
ciboia,47.266667,25.683333
cibu,46.383333,24.8
cicanesti,45.25,24.633333
cicarlau,47.7,23.4
cicau,46.4,23.683333
ciceu,46.416667,25.783333
ciceu-corabia,47.25,23.95
ciceu-giurgesti,47.25,24.016667
ciceu-mihaesti,47.2,23.966667
ciceu-poeni,47.3,24.083333
cichoreni,47.133333,26.683333
cicir,46.15,21.483333
cicirda,46.283333,23.866667
cicleni,45.416667,22.3
ciclova-montana,45.016667,21.733333
ciclova-romana,45.013611,21.719167
ciclovina,45.583333,23.133333
cicracci,44.366667,28.55
cidreag,47.983333,22.966667
ciesti,44.616667,24.766667
ciganyosd,46.616667,22.383333
cig,47.533333,22.633333
ciglan,47.216667,23.266667
cigmau,45.9,23.166667
ciheiu,46.983333,21.966667
ciinele,46.166667,23
ciineni,45.5,24.316667
ciinenii noi,45.183333,27.333333
cikovasarhely,45.816667,21.816667
cilceasca,45.033333,25.066667
cilibia,45.066667,27.016667
cilibiu,47.25,27.683333
cilnicu de sus,44.966667,23.05
ciltesti,46.433333,27.516667
cimbala,46.583333,27.216667
cimpani de pomezeu,46.8,22.316667
cimp,46.633333,22.45
cimp,46.766667,24.366667
cimpeni,47.516667,27.016667
cimpeni,45.133333,24.483333
cimpia,45.216667,27.033333
cimpineanca,45.716667,27.116667
cimp-moti,46.466667,22.466667
cimpu cetatii,46.65,24.966667
cimpu gobii,46,23.483333
cimpu negru,47.933333,23.883333
cinci nebuni,44.916667,27.316667
cincis,45.7,22.866667
cincsor,45.833333,24.833333
cincu,45.916667,24.8
cindesti-dorohoi,47.933333,26.2
cindia,46.916667,26.366667
cinele,45.016667,28.55
cinepesti,46.566667,23.783333
cinghine,47.95,27.15
cinta,46.466667,24.55
cintei,46.45,21.566667
cintulei,44.566667,24.216667
cioara,47.316667,23.083333
cioara,46.816667,27.566667
cioara,43.75,25.1
cioate,46.85,27.283333
ciobaesti,44.366667,25.4
ciobanesti,44.866667,24.733333
ciobanesti,44.733333,23.883333
ciobani,44.5,24.766667
ciobanis,46.316667,25.95
ciobanoaia,45.166667,26.683333
ciobanu,44.733333,27.966667
ciobanus,46.4,26.316667
ciobotani,46.966667,25.2
ciobotea,45,24.783333
cioboteni,46.383333,25.85
cioboteni,46.933333,25.35
cioboti,44.883333,23.25
cioboti,44.85,24.3
cioca-boca,46.95,27.45
ciocadia,45.116667,23.6
ciocaia,47.333333,22.05
ciocalteni,44.933333,24.083333
ciocanai,44.85,24.783333
ciocanari,44.7,25.966667
ciocanari,44.733333,24.016667
ciocanele,44.516667,23.45
ciocanesti,44.7,24.666667
ciocanesti,45.316667,26.516667
ciocanesti,44.6,25.85
ciocanesti,44.166667,24.166667
ciocanesti,44.2,27.066667
ciocanesti-mihai voda,44.35,27.183333
ciocani,46.366667,26.933333
ciocani,44.633333,25.883333
ciocani,46.266667,27.533333
ciocanu,45.45,25.216667
ciocarlesti,46.933333,27.55
ciocarlia,45.15,26.883333
ciocarlia,44.8,26.666667
ciocasu,46.033333,23.45
cioc,46.466667,24.883333
cioc,44.166667,24.933333
cioc,44.466667,25.966667
cioceni,44.9,26.283333
ciocesti,44.9,24.6
ciocesti,44.45,24.783333
ciochina,44.583333,27.066667
ciochiuta,44.6,23.116667
ciocile,44.816667,27.233333
ciocirlia,44.35,26.033333
ciocirta,46.816667,27.7
ciocmani,47.283333,23.35
ciocoesti,45.016667,25.616667
ciocotis,47.55,23.8
ciocoveni,44.2,26.266667
ciocrac,45.233333,26.083333
cioculesti,44.95,24.016667
ciofeni,46.75,27.616667
cioflanu,44.1,24.55
cioflec,44.583333,25.266667
ciofliceni,44.683333,26.116667
ciofranceni,45.083333,24.533333
cioinagi,46.033333,27.9
ciolanesti,45.95,27.066667
ciolanesti-din-vale,44.3,25.1
ciolanestii,44.316667,25.083333
ciolanu,44.078056,25.831667
ciolcesti,44.8,25.2
ciolpani,46.75,26.716667
ciolpani,44.733333,26.083333
ciolt,47.483333,23.516667
ciomag,46.533333,27.633333
ciomagesti,44.833333,24.45
ciomartan,47.883333,26.183333
ciomirna,47.116667,23.133333
cionchesti,47.7,22.916667
ciontesti,44.933333,23.533333
cionti,44.95,23.683333
ciopanesti,44.816667,24.05
ciopea,45.55,22.983333
cioperci,46.233333,26.9
ciopirceni,45.283333,25.716667
cioplea,44.416667,26.15
cioraca,44.783333,24.583333
cioraea,44.833333,24.55
ciorani,44.816667,23.05
ciorani,45.983333,27.2
ciorani-de-jos,44.816667,26.416667
ciorani-de-sus,44.833333,26.4
ciorann,45.066667,27.15
ciorasti,45.083333,23.466667
ciorasti,44.95,24.166667
ciorasti,45.433333,27.3
cioreni vale,47.8,26.85
ciornei,46.8,27.166667
ciornei-deal,47.783333,26.916667
ciorobereni,44.388889,22.760833
ciorobesti,44.516667,23.766667
cioroeni,44.55,23.783333
ciorogarla,44.4425,25.883333
cioroiasiu,44.083333,23.45
cioroiasu,44.25,24.366667
cioroiasu nou,44.083333,23.466667
cioroiu,44.433333,23.8
cioroiu,44.25,24.383333
cioroiul nou,44.066667,23.433333
cioromela,44.016667,23.616667
ciortea,46.3,26.733333
ciortea,45.028056,21.452222
ciortesti,46.9,27.833333
ciortesti,44.783333,23.816667
ciortolom,46.116667,27.566667
ciorusca,44.716667,27.566667
ciorusel,44.283333,26.733333
ciotina,47.416667,25.316667
ciovarnasani,44.763611,22.862778
ciovei,45.133333,23.7
cipaeni,46.533333,24.166667
ciprian porumbescu,47.566667,26.066667
circanesti,46.45,22.816667
circedea,46.466667,23.733333
cireasov,44.45,24.333333
ciresa,45.516667,22.383333
ciresanu,44.983333,26.516667
cireseni,46.316667,25.2
cireseni,47.366667,26.85
ciresenii,46.5,24.916667
ciresiju,44.823333,22.538056
ciresoaia,47.15,24.05
ciresu,44.766667,25.033333
ciresu,45.533333,26.616667
ciresu,45.65,22.033333
ciresu,44.95,27.35
ciresul,44.866667,24.433333
ciresu mic,45.633333,22.066667
ciritei,47.766667,27
cirligi,47,26.516667
cirligu,44.616667,24.316667
cirsie,44.768611,21.806111
cirstea,47.516667,25.466667
cirtibasul,46.566667,27.416667
cirtisoara,45.716667,24.583333
cisla,47.666667,24.716667
cisla,44.133333,27.633333
cislau,45.25,26.366667
cislita,45.183333,28.65
cismanesti,47.85,27.066667
cismea,47.766667,26.666667
cismeaua noua,44.8,28.333333
cismele,45.516667,27.916667
cisnadie,45.716667,24.15
cisnadioara,45.7,24.1
cisteiu,46.183333,23.75
cisteiu de mures,46.383333,23.816667
cistelec,46.733333,24.1
cistia,44.85,28.133333
ciuani,44.233333,25.65
ciuari,44.25,25.05
ciubanca,47.15,23.566667
ciubancuta,47.15,23.55
ciubuci,45.133333,25.633333
ciucani,46.25,25.95
ciuchesti,44.95,23.816667
ciuchici,44.941389,21.61
ciuci,46.416667,24
ciuciu,44.45,24.683333
ciucmandru,46.35,24.716667
ciucuresti,45.1,23.516667
ciucurova,44.933333,28.483333
ciudanovita,45.144722,21.797778
ciughes,46.45,25.85
ciugud,46.05,23.616667
ciugudu de jos,46.416667,23.75
ciugudu de sus,46.416667,23.716667
ciuguzel,46.266667,23.85
ciuhoiu,47.233333,22.116667
ciuhoiu,45.133333,26.6
ciula,46.766667,22.983333
ciula,47.35,23.416667
ciula mica,45.6,22.783333
ciulava,45.15,23.25
ciuleni,45.683333,22.783333
ciulesti,47.216667,22.183333
ciulinesti,47.366667,27.516667
ciulnita,44.783333,25.15
ciulnita,44.533333,27.35
ciulpaz,45.783333,22.783333
ciumafaia,46.933333,23.616667
ciumagi,44.866667,24.033333
ciumani,46.683333,25.516667
ciumarna,47.716667,25.616667
ciumasi,46.683333,26.833333
ciumati,44.166111,26.276667
ciumbrud,46.3,23.766667
ciumeghiu,46.733333,21.583333
ciumei,44.066667,24.083333
ciumeni,47.316667,23.6
ciumernic,45.65,26.083333
ciumesti,47.65,22.333333
ciumita,45.633333,22.6
ciunga,46.366667,23.85
ciungetu,45.383333,23.933333
ciunghes,46.516667,26.116667
ciungi,45.8,23.316667
ciungu mare,45.833333,23.266667
ciuntahaza,46.616667,22.05
ciupa de jos,45.116667,24
ciupa de sus,45.133333,23.983333
ciupagea,44.35,25.566667
ciupa-lagaru,44.683333,25.166667
ciupa manciulescu,44.7,25.15
ciupa-mavrodolu,44.7,25.216667
ciupari,45.633333,24.083333
ciupelnita,44.833333,26.233333
ciuperca,46.616667,27.4
ciuperceni,43.909722,22.948333
ciuperceni,44.933333,23.016667
ciuperceni,45.133333,23.8
ciuperceni,47.85,23.066667
ciuperceni,43.766667,24.95
ciupercenii de sus,44.95,23
ciupercenii vechi,43.945556,22.893333
ciupuria,44.283333,24.066667
ciurani,47.2,23.533333
ciurani,44.433333,25.433333
ciurari,44.85,25.433333
ciurari,44.166667,26.3
ciurari,44.383333,25.95
ciurbesti,47.1,27.533333
ciurea,47.05,27.566667
ciurel,44.45,26.033333
ciuresti,44.766667,24.566667
ciuresti,46.083333,27.616667
ciuresti,45.183333,24.65
ciuresti,44.45,24.716667
ciuri,44.883333,23.233333
ciurila,46.283333,22.9
ciurila,46.65,23.55
ciurtelecul hododului,47.416667,23.1
ciuruc,46,26.8
ciuslea,45.783333,27.283333
ciutac,46.8,25.416667
ciutaci,44.416667,25.916667
ciuta,45.266667,26.516667
ciuta,45.483333,22.233333
ciuta,47.45,22.983333
ciutelec,47.266667,22.383333
ciutesti,45.05,24.516667
ciutura,44.233333,23.566667
clanest,45.183333,24.266667
clanita,44.2,25.366667
clanita de jos,44.233333,25.35
clatesti,44.15,26.6
clausemburgo,46.766667,23.6
cleanov,44.35,23.216667
clejani,44.319722,25.699444
clesnesti,44.900833,22.901389
climauti,47.966667,25.933333
climesti,46.916667,26.716667
clinceanca,44.516667,25.983333
clinceni,44.373333,25.954722
clinciu,45.183333,26.75
clinciu,44.15,26.816667
clipicesti,45.9,27.016667
clisoasa,45.983333,23.266667
clit,47.3,23.433333
clit,47.75,25.85
cloasterf,46.15,24.983333
clociti,45.333333,26.85
clocotici,45.245,21.835833
clondiru,45.05,26.6
clonita,44.133333,25.316667
clopodia,45.283889,21.469722
clopotiva,45.5,22.816667
closani,45.066667,22.8
closca,44.666667,28.133333
closca,44.566667,26.366667
closcaru,44.75,25.766667
closcaru-frecatei,44.75,25.816667
clucerasa,44.983333,24.95
cluceru,45.55,27.566667
coace,44.2,26.516667
coada cornetului,44.9,22.633333
coada isvorului,44.633333,25.35
coada izvorului,45.35,25.55
coada malului,45.116667,26.033333
coada stancei,47.2,27.7
coada virfului,44.933333,22.633333
coadele,44.733333,26.15
coaja,46,22.65
coarnele caprei,47.383333,27.1
coas,47.533333,23.583333
coasta cerbului,45.133333,23.916667
coasta,47.133333,24.266667
coasta,46.9,23.866667
coasta,45.033333,23.15
coasta,45.1,24.25
coasta cucuteni,47.766667,27.1
coasta grindului,46.5,24
coasta lupei,45.95,27.266667
coasta magurei,47.316667,26.916667
coasta mihaltului,46.15,23.733333
coastea,46.866667,22.55
coastele-cernei,45.1,24.1
cobadin,44.083333,28.216667
cobatesti,46.35,25.15
cobiceni,47.6,27.15
cobiuta,44.8,25.316667
cobles,46.533333,22.716667
coborasul,44.816667,25.45
cobor,45.95,25.05
coca antimiresti,45.45,26.7
coca nicolesti,45.45,26.683333
cocarasti,45.866667,27.533333
cocarastii colt,44.833333,25.9
cocargea,44.116667,28.066667
cocargeaua noua,44.433333,27.65
coceana,44.8,25.95
cocenesti,45.216667,25.083333
cochinesti,44.583333,24.766667
cochirleni,44.1,28.016667
cocina,44.5,23.533333
cociobesti,45.4,26.75
cocioc,44.666667,26.033333
cociuba de jos,46.733333,22
cociuba de sus,46.6,22.533333
cociu,47.2,24.233333
cociu,46.283333,27.433333
coconari,45.25,26.866667
coconi-barbatescu,44.466667,25.816667
coconi,44.25,26.883333
cocora,44.733333,27.05
cocorasti,44.483333,24.216667
cocorasti-grind,44.85,25.866667
cocorastii-capli,45.066667,25.75
cocorastii-misli,45.083333,25.933333
cocoreni,44.816667,23.316667
cocorova,44.65,23.55
cocoru,44.933333,24.3
cocosari,45.616667,26.95
cocos,46.5,24.55
cocosei,44.816667,26.2
cocosesti,45.016667,26.983333
cocosu,44.216667,28.5
cocosu,44.016667,25.416667
cocota,45.963611,21.198333
cocu,44.866667,24.65
coculestii,45.283333,26.366667
codaesti,46.866667,27.75
codlea,45.7,25.45
codor,47.116667,23.816667
codreni,48.083333,26.783333
codreni,46.483333,27.9
codreni,44.383333,26.65
codresti,45.416667,27.266667
codrisoru,47.05,22.466667
codru,45.933333,23.016667
cofaresti,45.7,26.7
cogalnicanu,47.15,26.833333
cogalniceanu,45.216667,27.516667
cogalniceanu,45.5,27.916667
cogalniceanu,44.683333,27.733333
cogalniceanu,45.033333,28.733333
cogalniceanu volintiresti,47.166667,26.783333
cogea ali,44.283333,28.566667
cogealac,44.55,28.566667
cogeasca,47.166667,27.383333
cohalm,46.033333,25.216667
cohani,47.316667,22.4
cohbasi,44.202222,26.194722
coita,45.55,26.633333
coiumbunar,44.933333,28.25
cojani,44.983333,23.55
cojanu,45.3,26.616667
cojasca,44.716667,25.85
cojbuc,47.366667,24.4
cojesti,44.5,26.4
cojmanesti,44.8,23.116667
cojocareni,47.85,26.216667
cojocaru,44.95,27.916667
cojocaru,44.7,25.366667
cojoci,44.783333,24.55
cojoci,47.4,25.583333
cojocna,46.75,23.833333
cojoiu,45.116667,25.516667
cojujana,46.9,26.083333
colacu,47.533333,25.366667
colacu,44.666667,25.766667
colacu,45.883333,26.833333
colanu,44.9,25.45
colaretu,44.55,23.033333
colceag,44.95,26.35
coldau,47.183333,24.133333
coleasea,45,25.366667
colelia,44.616667,28.4
colelia,44.766667,27.016667
coleni,44.31,25.830278
colentina,44.466667,26.15
colentina-noua,44.733333,25.7
colibas,44.728889,22.743056
colibasi,44.933333,24.9
colibasi,45.383333,27.133333
colibasi,45.033333,25.616667
colibasi,45.016667,23.533333
colibasi,44.5,24.266667
colibi,46.116667,23.783333
colibi,45.8,24.35
colibita,47.183333,24.916667
colinele,44.65,26.783333
colonel anastase grigorescu,44.933333,27.366667
colonel paulian,47.733333,22.683333
colonel ruschita,45.633333,22.416667
colonesti,44.65,24.666667
colonesti,46.566667,27.3
colonia bahna,45.816667,25.6
colonia bercuta,45.816667,26.216667
colonia bod,45.766667,25.633333
colonia boldesti,45.033333,26.05
colonia bulgara,45.85,26.166667
colonia,46.583333,24
colonia,47.8,22.766667
colonia,45.633333,21.9
colonia-concordia,45.633333,25.416667
colonia copsa,46.116667,24.25
colonia fabricii,45.783333,22.3
colonia fabricii,45.416667,26.3
colonia fadimac,45.85,21.866667
colonia fagaras,45.833333,24.966667
colonia ferastrau din vale,45.816667,26.25
colonia ighisu,46.1,24.35
colonia ilie pintilie,45.066667,25.983333
colonia mare,45.766667,21.933333
colonia margineanca,45.016667,25.316667
colonia mica,45.85,22.166667
colonia noua,46.283333,21.383333
colonia paniova,45.85,21.8
colonia prislop,45.7,24.066667
colonia prostea,46.133333,24.283333
colonia recas,45.8,21.5
colonia sighetu silvaniei,47.35,22.883333
colonia talmaciu,45.65,24.266667
colonia ticu,46.916667,23.233333
colonia tiganilor,45.533333,22.183333
colonia tiganilor,45.65,22
coloni cozla,44.631389,22.001389
colonisti,47.916667,26.783333
colonisti,44.45,26.166667
colonisti,44.416667,27.8
coltan,45.366667,21.8
coltaneni,44.933333,26.666667
coltau,47.6,23.516667
coltea,44.85,27.333333
colteni,45.316667,26.533333
coltesti,46.416667,23.566667
coltesti,44.833333,23.683333
coltii de jos,45.4,26.383333
coltii de sus,45.416667,26.383333
coltirea,47.616667,23.4
coltu,44.5,24.933333
coltu cornii,47.033333,28
coltu pietrii,45.466667,26.283333
columbelu,44.633333,23.75
columbul,44.633333,23.766667
colun,45.783333,24.5
comalau,45.85,25.9
comana,43.9,28.316667
comana,44.170556,26.145
comana de jos,45.916667,25.233333
comana de sus,45.9,25.266667
comanca,44.083333,24.366667
comanca,45.233333,24.216667
coman,46.466667,26.783333
comanda,45.766667,26.266667
comanda,44.65,23.166667
comandaresti,47.55,27.233333
comaneasca,45.233333,27.7
comanesti,48.15,26.416667
comanesti,46.1,27.95
comanesti,44.966667,23.5
comanesti,46.266667,25.433333
comanesti,44.934444,22.864722
comanesti,44.416667,24.133333
comanesti,47.666667,25.983333
comanicea,44.466667,23.333333
comani,44.2,24.483333
comanita,44.566667,24.35
comarna,47.05,27.783333
comarnic,45.25,25.633333
comarnici,45.4,26.416667
comasca,43.95,26.066667
comeat,45.966667,21.616667
comiat,46.533333,25.966667
comisani,44.883333,25.583333
comitig,46.633333,23.666667
comlausa,48.05,23.166667
comlaus,46.35,21.516667
comlod,46.85,24.433333
comlosul-mare,45.890556,20.627222
comlosul-mic,45.849444,20.665833
comoara,44.113333,25.506111
comori,46.733333,24.9
comoriste,45.178333,21.568889
comorita,47.266667,23.783333
comosteni,43.883333,23.866667
comuna comisoei,45.3,26.916667
conace,44.733333,23.216667
conacu,47.65,26.233333
conacu iosif,45.566667,21.283333
concesti,48.166667,26.55
condeesti,44.766667,23.25
condeesti,44.633333,26.683333
condoesti,44.6,24.25
condrache,46.3,27.2
condrea,46.540556,28.213611
condrea,45.7,27.416667
condreni,47.2,26.333333
condulesti,44.75,23
conduratu,44.966667,26.416667
congaz,45,28.75
connul de jos,45.15,25.7
conop,46.1,21.883333
constandoiu,45.6,26.966667
constanta,44.333333,23.6
constanta,45.881389,20.585833
constantinesti,45.3,27.466667
constantinesti,44.6,24.5
constantin gabrielescu,45.066667,27.616667
contasti,47.316667,26.65
contea,44.7,23.9
contesti,44.983333,25
contesti,45.383333,26.583333
contesti,46.95,26.483333
contesti,46.166667,27.066667
contesti,43.8,25.483333
contesti-de-sus,44.683333,25.633333
contestii de jos,44.65,25.633333
contestii de sus,44.983333,25.016667
continitu,46.85,24.083333
cooc,46.566667,24.083333
copaceana,46.354444,28.059444
copaceanca,46.984444,28.060278
copacele,45.5,22.1
copaceni,46.766667,22.183333
copaceni,46.6,23.733333
copaceni,45,23.15
copaceni,45,23.966667
copaceni,45.166667,26.066667
copaceni,45.383333,24.316667
copaceni,44.266667,26.083333
copacenii sfantu joun,44.266667,26.1
copacesti,46.083333,27.116667
copacioasa,45.033333,23.433333
copacioasa zegujani,44.780278,22.905278
copaciu,44.183611,25.766667
copalau,47.616667,26.833333
copalnic,47.516667,23.65
copalnic manastur,47.5,23.683333
copand,46.433333,23.966667
coplean,47.2,23.833333
copou,47.166667,27.6
copru,46.866667,24.2
copsa mare,46.133333,24.55
copuzu,45.15,23.466667
copuzu,44.6,26.9
corabia,43.783333,24.5
coracaesti,47.633333,26.483333
coramnic,44.746667,22.408333
corbabu,44.416667,23.85
corbasca,46.283333,27.166667
corbasca noua,46.283333,27.15
corbeanca,44.475833,25.565
corbeanca,44.6,26.05
corbeni,45.316667,27.483333
corbeni,44.383333,24.1
corbeni,46.233333,26.866667
corbeni,45.3,24.65
corbesti,46.883333,22.25
corbesti,46.433333,24.583333
corbi,45.8,24.683333
corbi,45.283333,24.8
corbii-ciungi,44.513333,25.537778
corbii,44.983333,24.483333
corbii mari,44.55,25.5
corbisori,45.25,24.833333
corbita,46.15,27.3
corboaia,47.383333,22.516667
corbu,45.116667,24.85
corbu,44.383333,28.65
corbu,45.4,27.583333
corbu,44.483333,23.5
corbu,46.983333,25.7
corbu,44.55,24.4
corbu,44.483333,24.716667
corbu de sus,44.416667,28.65
corbul,44.833333,24.833333
corbuletu,44.5,24.716667
corbul ungheni,44.533333,24.7
corbul vechiu,45.466667,27.666667
corcanu,44.833333,27.566667
corcesti,46.45,23.3
corcioveni,46.066667,27.35
corcodel,46.983333,27.533333
corcova,44.7,23.05
cordareni,47.983333,26.583333
cordarenii noi,48,26.583333
cordau,46.95,21.983333
cordeni,46.616667,27.883333
cordesti,44.766667,23.683333
cordun,47.55,26.916667
cordun,46.95,26.866667
cordun,44.683333,23.05
coresti,45.483333,23
corhana,46.55,26.85
corhana,46.983333,26.816667
corjauti,48.033333,26.266667
corlata,45.833333,25.6
corlata,47.55,26.05
corlatel,44.398611,22.933056
corlatele,44.183333,23.316667
corlateni,47.933333,26.55
corlatesti,44.183333,24.25
corlatesti,46.433333,27.7
cormaia,47.366667,24.683333
cormenis,47.35,23.516667
corna,46.283333,23.116667
cornatel,46.2,23.033333
cornatel,45.433333,22.1
cornatel,44.683333,24.466667
cornatel,46.133333,27.033333
cornatel,44.583333,24.95
cornatelu,46.333333,27.35
cornatelu,44.75,25.666667
corn,47.016667,22.616667
cornea,45.033333,22.316667
corneanu,45.366667,26.55
cornei,46.383333,27.633333
corneni,47.066667,23.733333
cornesti,46.766667,26.916667
cornesti,48.2,26.6
cornesti,47.033333,23.683333
cornesti,45,23.166667
cornesti,47.116667,27.5
cornesti,47.816667,23.966667
cornesti,46.283333,24.2
cornesti,45.911389,21.218056
cornesti,44.783333,25.866667
cornesti,44.616667,26.05
cornesu,44.4,24.266667
cornet,46.5,26.583333
cornet,45.15,23.9
cornet,45.9,26.8
cornetu,44.433333,23.783333
cornetu,44.733333,23.616667
cornetu,45.5,27.033333
cornetu,44.633333,25.583333
cornetu,44.341667,25.940833
cornetu din vale,44.35,25.933333
cornetul,45.35,26.383333
corni-albesti,46.516667,27.883333
corni,47.65,26.583333
corni,45.85,27.766667
corni,47.416667,26.733333
corni,47.033333,26.466667
corni,47.483333,23.016667
corni,47.466667,26.55
corni,46.216667,27.2
corni,44.733333,25.683333
corni-de-sus,46.216667,27.166667
cornii de jos,46.2,27.2
cornilesti,47.316667,26.333333
corni-poiana raftivanului,47.45,26.566667
cornisani,44.733333,23.483333
cornisoru,45.516667,22.55
cornita,44.433333,23.483333
cornu,44.233333,23.283333
cornu de jos,44.85,26.266667
cornu de sus,44.833333,26.25
cornul malului,44.9,27.75
cornu luncii,47.466667,26.15
cornu negru,47.533333,27.45
cornu-unguri,46.688611,28.0475
corobaile,44.8,23.15
corobanesti,46.516667,27.45
corobesti,45.116667,23.55
corobeti,44.95,24.95
corod,47.766667,23.016667
corod,45.9,27.616667
corodesti,46.533333,27.5
coroeni,47.366667,23.766667
coroesti,46.266667,27.483333
coroesti-de-jos,46.25,27.483333
coroesti jiu,45.383333,23.316667
coroisanmartin,46.4,24.6
coroiu,46.583333,21.95
coroiu,46.4,24.633333
coroiu,46.116667,27.55
coronini,44.725833,21.687222
coropceni,46.95,27.833333
corpaci,47.883333,26.166667
corpadea,46.783333,23.833333
corugea,44.733333,28.333333
coruia,47.566667,23.6
corunca,46.516667,24.616667
corund,46.466667,25.183333
corund,47.416667,22.866667
corus,46.85,23.5
corvinesti,47.016667,24.266667
corzu,44.45,23.166667
cosaci,45.3,24.783333
cosambesti,44.566667,27.433333
cosani,45,24.183333
cosarelele,45.083333,26.25
cosareni,44.683333,26.566667
cosava,45.85,22.316667
cosca,46.683333,27.466667
cosdeni,46.766667,22.3
coseiu,47.316667,22.983333
coseni,45.816667,25.8
cosereni,44.2,24.183333
coseri,44.783333,25.05
coseriu,46.8,24.35
cosesti,45.066667,24.866667
cosesti,45.9,22.416667
cosesti,46.683333,27.45
cosevita,45.883333,22.383333
cositeni,47.2,27.233333
cositeni,46.066667,27.366667
cosla,45.233333,29.533333
coslar,46.15,23.683333
coslariu nou,46.2,23.683333
coslegeni,44.233333,27.5
coslegi,44.9,26.15
coslugea,44.116667,27.566667
cosma,46.816667,24.533333
cosmesti,46.883333,27.983333
cosmesti,44.3,25.383333
cosmesti,45.883333,27.3
cosmesti din vale,45.866667,27.266667
cosminele de jos,45.15,25.883333
cosminele de sus,45.166667,25.883333
cosniciu de jos,47.216667,22.65
cosniciu de sus,47.2,22.616667
cosoaia,44.279444,25.623889
cosoba,44.525556,25.811111
cosoba cristea,44.516667,25.816667
cosota,45.083333,24.283333
cosoteni,44.133333,25.016667
cosoveni,44.25,23.933333
cosovenii de jos,44.233333,23.916667
costache negrea,45.533333,27.866667
costache negri,45.7,27.716667
costana,47.7,26.133333
costanda,44.4,23.083333
costani,46.65,23.133333
costeasca,44.483333,26.033333
costei,46.6,26.966667
costeiu de sus,45.9,22.366667
costeleva,47.883333,25.3
costen,45.3,26.016667
costeni,47.866667,26.883333
costeni,45.016667,22.9
costeni,47.533333,23.916667
costeni,44.733333,23.166667
costesti,44.666667,24.883333
costesti,47.8,26.666667
costesti,45.05,26.766667
costesti,45.15,25.4
costesti,45.7,23.166667
costesti,47.233333,26.933333
costesti,44.733333,23.45
costesti,46.5,27.75
costesti-deal,45.733333,23.166667
costesti-deal,44.683333,25.483333
costestii,44.866667,24.4
costestii-valsan,45.15,24.783333
costesti-launele,44.983333,24.6
costi,45.5,28.016667
costieni,46.433333,26.733333
costieni,45.283333,27.05
costieni,45.533333,27.55
costieni,44.316667,25.916667
costienii de jos,45.3,27.083333
costinesti,47.8,26.466667
costinesti,43.95,28.633333
costini,47.883333,24.033333
costisa,46.75,26.65
costisa,47.916667,25.9
costisa,46.1,27.366667
costisa de sus,46.1,27.383333
costisata,45.166667,25.55
costita,46.45,26.866667
costiugeni,47.683333,27.033333
costomiru,45.466667,26.85
costuleni,47.033333,27.85
cosula,47.6,26.8
cosuleni,47.683333,26.75
cosurile,44.9,26.766667
cotacu,45.466667,27.016667
cotargaci,47.85,26.533333
cotargaci,47.2,27.15
cotargasi,47.25,25.75
cotciul,45.033333,25.833333
cot,45.216667,25.016667
coteana,44.3,24.466667
cotenesti,45.233333,25.183333
coteni,46.533333,27
coteni,43.883333,24.333333
coteni,47.95,26.283333
coteni,44.916667,24.483333
cotesti,45.616667,22.666667
cotesti,45.466667,23.283333
cotesti,44.45,24.366667
cotesti,45.65,27.05
cotesti,45.2,24.966667
cotic,46.866667,27.35
cotiglet,46.883333,22.2
cotina,44.516667,23.433333
cotmeana,44.966667,24.616667
cotmenita,44.916667,24.7
cotnari,47.35,26.983333
cotoci,46.466667,22.85
cotofanca,44.383333,26.7
cotofanesti,45.133333,25.983333
cotofene,46.383333,27.766667
cotofenii de sus,44.466667,23.65
cotofenii din dos,44.433333,23.616667
cotofenii din fata,44.45,23.666667
cotorani,44.35,25.433333
cotorasti,46.316667,23.55
cotorca,44.783333,26.666667
cotorga,44.3,24.75
cotorman,46.3,25.9
cotoroaia,44.65,23.033333
cotoroaia,46.05,27.633333
cotoroaia de jos,44.633333,23.05
cotros,45.716667,27.883333
cotu-baei,47.416667,26.283333
cotu bibescu,44.366667,23.683333
cotu,44.916667,24.583333
cotu,47.6,26.85
cotu,44.35,23.716667
cotu din jos,47.133333,26.3
cotu dobei,47.566667,26.533333
cotu grosului,46.733333,26.916667
cotul bucuresti,47.019444,28.028611
cotul-lui-balan,46.85,26.95
cotul lui ivan,47.266667,27.65
cotul lung,45.383333,27.816667
cotul malului,44.75,25.183333
cotul miculinti,48.183333,26.95
cotul-mihalea,45.4,27.833333
cotul siretului,46.683333,26.933333
cotul-vames,46.9,26.933333
cotumba,46.5,26.2
cotu mori,47.283333,27.5
cotusca,48.133333,26.85
cotus,46.566667,24.666667
cotu stejarului,46.586667,28.228889
covaci,45.831389,21.228056
covacipeter,46.716667,25.6
covasint,46.2,21.6
covasna,45.85,26.183333
covasna,47,27.833333
coveiu,43.966667,23.416667
coverca,47.233333,25.4
coves,45.983333,24.566667
covrag,46.083333,27.316667
covrigi,44.733333,23.15
coza,45.9,26.666667
cozanesti,47.333333,25.45
cozia,45.866667,22.85
cozia,47,27.9
cozia,44.214167,22.712222
cozieni,45.333333,26.483333
cozieni,44.483333,26.3
cozinem,46.233333,25.933333
cozla,47.35,23.383333
cozmesti,46.083333,22.966667
cozmesti,45.05,24.966667
cozmesti,46.733333,27.483333
cracalia,48.016667,26.516667
cracaoani,47.016667,26.383333
cracaoani de jos,47.083333,26.316667
cracaul negru,47.083333,26.216667
cracesti,47.75,23.833333
craciunei,44.15,24.666667
craciunel,46.183333,25.433333
craciunelu de jos,46.183333,23.833333
craciunelu de sus,46.166667,24.183333
craciuneni,47.65,27.083333
craciunesti,46.016667,23.866667
craciunesti,47.966667,23.983333
craciunesti,46.483333,24.583333
craciunesti,46.866667,27.533333
cracu almai,44.776389,21.8475
cracul mare,45,22.516667
cracul muntelui,44.984167,22.754722
cracu lung,44.8,22.716667
craesti,46.6,23.6
craesti,45.95,27.8
craesti,46.3,24.183333
craesti,47,26.6
craesti,46.383333,27.333333
craguesti,44.7625,22.770833
craguis,45.633333,22.9
craidorolt,47.616667,22.7
craifalau,46.75,24.416667
crainiceni,48.25,26.733333
crainici,44.903056,22.870833
crainimat,47.066667,24.4
crai nou,45.485833,21
craiova,46.583333,21.966667
craiva,46.183333,23.533333
crajma,45.5,22.416667
cralovat,45.816667,21.616667
cram,46.166667,22.6
crampoaia,44.316667,24.733333
crampotani,45.016667,24.7
crancesti,46.816667,22.25
crangasi,44.7,25.616667
crang,46.25,27.6
crangem,44.033333,24.783333
crangeni,45.5,27.55
crangu,44.95,26.283333
crangu,44.466667,26.483333
cranguri,44.206667,25.979722
crangurile-de-jos,44.75,25.25
crangurile de sus,44.766667,25.233333
crangu sihla,45.483333,27.1
crapaturi,44.8,23.916667
crasani,44.616667,26.816667
crasanii de jos,44.6,26.866667
crasie,44.768889,21.805278
crasna,45.583333,26.133333
crasna,45.166667,23.5
crasna,46.916667,27.883333
crasna,47.166667,22.9
crasna,46.516667,27.85
crasna din deal,45.183333,23.633333
crasna din vale,45.166667,23.533333
crasnaleuca,48.15,26.966667
crasnaseni,46.666667,27.95
crasna viseului,47.85,24.25
crastoltel,47.25,23.4
crastoltul-mare,47.2,23.433333
creaca,47.2,23.25
creata,44.6,26.266667
creata-petrachioaia,44.583333,26.3
credinta,43.983333,28.233333
cremenari,44.966667,24.316667
cremenea,46.55,26.933333
cremenea,45.033333,26.8
cremenea,47.133333,23.733333
cremenea,44.6,23.016667
cremenea de sus,44.603889,22.990556
cremenea fata,44.566667,23
crestur,47.35,22.233333
cresuia,46.7,22.483333
cretesti,44.95,23.433333
cretesti,44.566667,23.133333
cretesti,44.277778,26.137222
cretesti-de-jos,46.633333,27.95
cretesti-de-sus,46.633333,27.966667
creti,44.683333,24.516667
cretu,44.616667,25.816667
cretuleasca,44.533333,26.183333
cretulesti,44.7,25.433333
cretulesti,44.6,25.95
cretulesti-falcoianu,44.583333,25.9
cretulesti-minastire,44.583333,25.916667
crevedia,44.6,25.933333
crevedia de jos,44.6,25.916667
crevedia de sus,44.616667,25.9
crevedia mare,44.429167,25.625556
crevedia mica,44.4425,25.605
crevenicu,44.240833,25.588611
crevenicu mare,44.233333,25.583333
crevenicu radulesti,44.245833,25.556111
crevilesti,45.466667,26.583333
cricau,46.183333,23.566667
cricov,45.083333,26.266667
crihalma,45.916667,25.2
crihan-sohodol,46.566667,26.816667
cringu,43.85,25.066667
cringu nou,46.266667,27.55
cringurile,45,26.483333
crint,45.783333,23.883333
crisana,46.616667,21.516667
crisan,46.166667,22.8
crisan,44.966667,29.466667
crisbav,45.816667,25.466667
criscior,46.116667,22.866667
cris,46.133333,24.7
criseni,46.75,24.05
criseni,45.733333,23
criseni,47.233333,23.05
crison,46.266667,26.766667
cristeanca,44.8,25.9
cristelec,47.266667,22.716667
cristesti,46.25,23.416667
cristesti,47.633333,26.733333
cristesti,46.083333,27.966667
cristesti,47.266667,26.566667
cristesti,46.5,24.483333
cristesti,46.466667,27.45
cristestii ciceiului,47.183333,24.1
cristian,45.616667,25.466667
cristian,45.783333,24.033333
cristinesci,45.366667,26.983333
cristinesti,48.1,26.383333
cristorel,46.966667,23.466667
cristur criseni,47.25,23.083333
cristur,46.283333,25.033333
cristur-sieu,47.116667,24.3
crit,46.116667,25.016667
criva,45.566667,22.716667
criva,44.25,23.616667
criva de jos,44.383333,24.316667
criva de sus,44.366667,24.3
crivadia,45.466667,23.2
crivat,44.191944,26.435278
crivatu,44.95,24.516667
crivesti,47.2,26.933333
crivina,45.583333,25.983333
crivina,44.783333,26.05
crivina,44.505833,22.570278
crivina,45.65,22.116667
crivina,44.430556,25.781944
crivina de sus,45.85,22.433333
crivineni,45.333333,26.35
criviteni,45.85,27.416667
crivobara,45.916667,21.816667
croica,44.666667,23.133333
croici,44.833333,23.1
croitoresti,44.8,24.133333
croitori,44.95,24.8
croitori,44.866667,23.866667
croitori,44.566667,25.4
crosanii,45.066667,26.75
crovna,44.366667,23.65
crovu,44.183333,25.766667
crucea,44.533333,28.233333
crucea,47.166667,27.166667
crucea,47.35,25.616667
crucea,44.383333,27.15
crucea de jos,45.9,27.1
crucea de piatra,46.25,26.8
crucea de piatra,44.156667,25.999444
cruceanu,46.1,27.8
crucile,44.5,23.8
crucisoara,44.833333,24.666667
crucisor,47.683333,23.25
crunti,44.65,27.116667
crusetelu,44.65,23.666667
crusetu,44.633333,23.666667
crusovat,44.983333,22.316667
crusovita,44.729444,21.8075
crusovu,43.933333,24.416667
cselye,46.466667,25
csengeller,46.85,25.6
cserbenye,46.033333,22.45
cserefalva,46.483333,24.616667
csermura,46.25,22.55
csikfalva,46.566667,24.8
csikrakos,46.45,25.75
csiksanfalva,46.516667,25.75
csiksomlyo,46.383333,25.833333
csikszentdomokos,46.583333,25.783333
csikszentivany,46.516667,24.45
csikszentkiraly,46.3,25.85
csikszentmarton,46.266667,25.933333
csikszentmihaly,46.466667,25.816667
csikszentmiklos,46.433333,25.85
csikszentsimon,46.25,25.883333
csikszenttamas,46.55,25.783333
csiktaploca,46.366667,25.8
csik verebes,46.216667,25.916667
csohesd,46.25,22.616667
csomortan,46.383333,25.866667
csucs,46.316667,22.516667
csucsmezo,46.35,22.433333
csukas,45.571389,21.976667
cubles,46.933333,23.316667
cublesul-somesan,47.05,23.633333
cubulcut,47.316667,22.2
cuca,45.733333,27.883333
cucerdea,46.4,24.266667
cucesti,45.016667,24.066667
cuceu,47.266667,23.2
cuchinis,46.533333,26.15
cuci,44.816667,29.966667
cuci,46.466667,24.15
cuci,46.816667,27.183333
cuciuc-chioi,44.616667,28.366667
cuciulata,45.933333,25.266667
cuciulat,47.316667,23.416667
cucoiu,45.4,24.4
cucosi,46.866667,26.8
cucova,47.15,26.916667
cucova,46.25,27.033333
cucuctii de sub magura,45.9,26.95
cucu,47.783333,22.966667
cucueni,46.566667,22.416667
cucueni-razesti,47.766667,27.116667
cucueti,46.333333,26.55
cucueti,44.616667,24.35
cucueti,45.916667,26.983333
cucueti,44.183333,24.95
cucuetii-moara,44.333333,26.383333
cucuetii-suditi,44.330833,26.395278
cucuis,45.766667,23.266667
cuculeasa,45.283333,27
cuculesti,44.85,24.066667
cuculiciu,45.116667,24.066667
cucu-martinesti,47.783333,22.933333
cucurezu,44.078056,25.731944
cucuruz,44.116667,27.933333
cucuteni,47.783333,27.133333
cucuteni,45.116667,25.383333
cucuteni,47.283333,26.933333
cudalbi,45.783333,27.7
cuejd,47.1,22.3
cuejdiu,46.983333,26.266667
cueni,44.9,24.1
cufoaia,47.483333,23.8
cufuritu,44.883333,26.65
cugir,45.833333,23.366667
cuies,45.95,22.633333
cuiesd,46.6,24.466667
cuiugiuc,44.066667,27.533333
cujba,46.95,27.65
cujbeni,47.25,26.05
cujmiral mic,44.19,22.923611
cujmir,44.206667,22.926667
cula,44.916667,23.533333
cula,44.383333,26.2
culcea,47.566667,23.55
culciul-mare,47.75,23.05
culciul mic,47.766667,23.033333
culpiu,46.633333,24.433333
cumpana-buda,45.45,24.6
cumpana,44.116667,28.566667
cumpana,44.233333,25.866667
cumparatura,47.583333,26.3
cund,46.266667,24.516667
cunesti,44.216667,27.166667
cungrea,44.666667,24.383333
cungrea,44.883333,24.5
cunta,45.916667,23.733333
cununschi,47.783333,25.366667
cuparu,44.716667,25.4
cupele,44.502778,25.528611
cupseni,47.55,23.933333
cuptoare,45.016667,22.3
cuptoare secu,45.266667,21.966667
curagau,47.066667,27.75
curaresti,44.65,24.266667
curatele,46.7,22.416667
curatesti,44.283333,26.833333
curatura,47.016667,27.566667
curaturile,44.833333,24.766667
curaturile,45.066667,24.183333
curbaus-paltinis,45.65,23.916667
curcani,44.2,26.583333
curciu,46.25,24.4
curcubeu,44.766667,26.15
cureaua,43.883333,23.2
curechistea,47.133333,26.4
curita,46.183333,26.7
curmatura,44,23.633333
curmatura,45.15,26.116667
curpenelu,45.15,23.283333
curpeni,45.983333,23.283333
curpenii-silvasului,45.65,22.816667
curpenu,45.15,23.233333
cursaru,44.683333,23.433333
cursesti,46.716667,27.366667
curtea,45.816667,22.3
curtea,44.966667,24.15
curteana,44.95,23.45
curteanca,44.566667,24.933333
curteni,46.583333,24.566667
curteni,46.6,27.9
curtesti,47.716667,26.65
curtici,46.35,21.3
curtisoara,44.5,23.933333
curtisoara,45.083333,23.366667
curtisoara,44.5,24.333333
curtuiseni,47.55,22.2
curtuiusu-dejului,47.216667,23.683333
curtuiusul-mare,47.416667,23.45
curtuiusul mic,47.55,23.633333
curuorman,44.1,27.683333
curva,44.983333,23.7
cusdrioara,47.166667,23.916667
cusma,47.133333,24.7
cusmad,46.466667,25.05
custelnic,46.333333,24.316667
custura,47.233333,23.883333
custura,45.3,27.433333
cuta,47.533333,23
cutca,47.033333,24.083333
cut,45.933333,23.666667
cut,46.883333,26.416667
cutina,45.816667,21.933333
cutinas,46.2,26.816667
cutin,45.8,22.766667
cutis,46.95,23.016667
cutu,44.6,22.866667
cuvesdia,45.948611,21.677222
cuzap,47.2,22.416667
cuzaplac,46.966667,23.2
cuza voda,44.7,24.583333
cuza voda,48.183333,26.7
cuza voda,44.916667,27.716667
cuza voda,44.3,28.316667
cuza voda,45.6,27.783333
cuza voda,44.266667,25.516667
cuza voda,44.266667,27.266667
cuza voda,44.75,25.6
cuzgun,44.116667,27.8
cuzlau,48.25,26.683333
dabaca,46.983333,23.666667
dabaceni,47.3,23.6
dacia,47.85,26.7
dacia,46.016667,25.15
dacia,47.733333,22.716667
dacia-romana,46.016667,23.666667
dacindea,44.6,25.866667
dadesti,47.2,26.983333
dadesti,46.383333,27.25
dadiciu,44.733333,24.1
daeni,44.833333,28.116667
daesti,44.733333,24.266667
daesti,44.966667,24.133333
dagata,46.933333,27.183333
daia,46.15,24.9
daia,44.75,23.416667
daia,46.3,24.45
daia,45.8,24.283333
daia,44,25.983333
daisoara,45.966667,25.15
daita,44.016667,26
dalbocica,44.833333,22.75
dalbosec,44.922778,21.9825
dalci,45.416667,22.316667
dalga,44.15,23.783333
dalga,44.433333,27.05
dalga mica,44.533333,27.1
dalma,45.366667,26.583333
dalma,44.768056,22.573889
dalmele prigorului,44.945,22.110278
dalnic,45.916667,25.983333
damacheni,47.9,26.55
damachi,47.466667,27.5
damacusa,46.216667,27.383333
damacuseni,47.45,23.916667
damaroaia,44.483333,26.05
dambau,46.316667,24.233333
dambova,44.95,23.216667
dambovana,46.2,22.666667
dambovicioara,45.45,25.233333
dambovicioara,44.683333,25.55
dambovita-de-codru,46.65,22.183333
dambroca,45.116667,26.95
dambu,46.733333,24.266667
dambul,45.05,25.883333
dambul mare,47.15,23.95
damian,43.9,23.966667
damideni,47.7,27.266667
damienesti,46.733333,26.983333
damienesti-sat,46.716667,26.983333
damieni,46.633333,24.866667
damileni,48.1,26.4
damis,46.866667,22.566667
damoc,46.466667,26.866667
damteni,45,23.883333
danaila,46.533333,27.35
dancai,44.766667,23.966667
dancas,47.116667,27.516667
danceni,46.216667,27.366667
danceu,44.364167,22.718333
danciulesti,44.733333,23.75
dancsfalva,46.383333,22.166667
dancu,46.916667,23.216667
dancu,47.15,27.65
dancul-mare,45.75,23.116667
dancul mic,45.766667,23.133333
daneasa,44.15,24.566667
danes,46.216667,24.7
danesti,47.283333,25.35
danesti,44.966667,23.333333
danesti,47.55,23.35
danesti,46.916667,26.516667
danesti,46.85,27.666667
danesti,44.316667,26.8
danet,43.983333,24.05
dangau,46.75,23.2
dangaul mic,46.75,23.183333
dangeni,47.85,26.966667
dangesti,45.3,24.416667
danicei,44.9,24.383333
danielesti,46.383333,22.916667
danila,47.75,26.1
danova,47.733333,24.366667
danulesti,46.05,22.583333
danulesti,45.516667,26.95
darabani,48.183333,26.583333
darabani,43.783333,28.3
dara,45.083333,26.65
dara,47.816667,22.75
daramati,45.366667,27.016667
darasti,44.288333,26.008889
darasti-ilfov,44.308889,26.018333
dariesti,45.816667,26.666667
darja,47.016667,23.6
darjiu,46.2,25.2
darloaia,46.933333,26.65
darlos,46.183333,24.4
darmaneasca,46.383333,26.483333
darmanesti-bucovina,47.733333,26.15
darmanesti,46.966667,26.383333
darmanesti,44.916667,25.783333
darmosca,47.183333,25.55
darot,47.116667,24.05
darova,45.640278,21.765278
darova noua,45.633333,21.766667
darste,45.616667,25.65
darulete,45.016667,25.416667
darvaresti,45.1,24.066667
darvari,44.2,23.05
darvari,44.916667,26.15
darvari,44.483333,26.533333
darvari,44.421667,25.877222
dasagesti,46.066667,27.15
dascalesti,45.4,27.233333
dascalu,44.6,26.233333
dascalul creata,44.616667,26.2
dataseni,46.466667,24.166667
datcu,44.7,24.866667
david,47.033333,26.666667
davideni,47.116667,26.583333
davidesa,45.016667,25.033333
davidesti,46.35,22.9
davidesti,46.603333,28.091944
davidoaia,47.95,26.633333
deaconesti,44.916667,23.783333
deag,46.383333,24.2
deagu de jos,44.55,25.033333
deagu de sus,44.566667,25
deaj,46.35,24.4
deakfalva,46.316667,22.25
deal,45.85,23.633333
deal,45.983333,23.2
deal,45.933333,24
deal nou,46.5,26.866667
dealu babi,45.416667,23.233333
dealu balcesti,45.033333,24.45
dealu bisericii,44.85,24.65
dealu bisericii,44.933333,23.85
dealu botii,46.666667,22.933333
dealu bradului,44.75,24.716667
dealu calului,46.65,23.016667
dealu caselor,46.4,23.416667
dealu catusii,44.916667,24.616667
dealu chinului,44.766667,24.55
dealu cioara,45.966667,24.266667
dealu ciungii,46.383333,23.85
dealu cotmenitei,44.95,24.666667
dealu cretului,45.733333,25.116667
dealu crucii,47.983333,26.666667
dealu cucului,45.65,26.983333
dealu,46.4,25.3
dealu,47.833333,26.25
dealu,44.916667,24.35
dealu,44.4,25.646389
dealu dienet,46.316667,27.066667
dealu dostatului,45.966667,23.85
dealu ederii,47.766667,25.85
dealu floresti,46.55,27.566667
dealu frumos,45.983333,24.7
dealu frumos,45.183333,25.4
dealu gaurenilor,46.1,23.416667
dealu hasagului,46.016667,24.15
dealu launele,44.95,24.483333
dealu leului,44.733333,23.716667
dealul frumos,45.366667,26.65
dealul lung,45.616667,26.933333
dealul mare,46.466667,26.466667
dealul mare,47.366667,23.816667
dealul mare,44.983333,22.816667
dealul mare-sparleni,44.7,24.116667
dealul orasului,44.816667,24.716667
dealul ordancusii,46.516667,22.85
dealul perjului,46.483333,27.266667
dealul sarei,45.566667,26.766667
dealul scheiul,44.95,24.45
dealul scroafi,44.9,24.683333
dealul tolesti,44.883333,24.6
dealu lung,44.983333,22.65
dealul viei,45.116667,26.65
dealul-viei,45.066667,23.733333
dealul viilor,44.833333,24.7
dealu mare,46.05,22.816667
dealu mare,46.683333,22.216667
dealu mare,47.95,26.4
dealu mare,46.216667,27.716667
dealu mare,44.8,24.25
dealu mare-gusoeni,44.7,24.1
dealu morii,46.316667,27.233333
dealu negru,45.633333,26.066667
dealu nucului,44.633333,23.883333
dealu oblejdeanului,45.033333,24.533333
dealu poenesti,46.616667,27.533333
dealu pomilor,44.816667,23
dealu presecii,46,23.9
dealu secarii,46.55,27.583333
dealu stefanitei,47.533333,24.433333
dealu viilor,44.816667,25.1
dealu viilor,44.833333,22.9
debeli lug,44.694167,22.067778
decea,46.383333,23.766667
decindeni,44.9,25.316667
decsfalva,46.25,25.166667
deda bistra,46.933333,24.9
dedeni,46.916667,26.1
dediulesti,45.466667,26.966667
dedovita noua,44.626667,22.73
dedovita veche,44.626111,22.771667
dedrad,46.816667,24.666667
dedradszeplok,46.85,24.65
dedulesti,45.15,27.4
defcea,44.316667,28.183333
degerati,45.016667,25.966667
degerati,44.933333,26.366667
deia,47.6,25.616667
deiusu,46.9,23.533333
deja,47.35,23.183333
dejan,45.285833,21.296389
dejani,45.716667,24.933333
dej,47.15,23.866667
dejesti,44.833333,24.35
dejoi,44.816667,24
delani,46.683333,22.333333
delea,46.75,27.65
delen,46.35,26.766667
delen,46.833333,24.816667
deleni de jos,46.533333,27.75
deleni,46.1,23.85
deleni,46.1,22.55
deleni,46.6,23.633333
deleni,47.466667,26.883333
deleni,44.55,23.3
deleni,47.133333,26.366667
deleni,46.033333,24.066667
deleni,47.516667,26.45
deleni,46.55,27.75
deleni,45.166667,24.183333
deleni,44.5,25.75
delenii de jos,46.916667,27.816667
delenii de jos,46.514722,27.997778
delenii,44.783333,23.366667
delesti,46.7,27.55
delicelu,44.966667,26.133333
delinesti,45.383333,22.083333
deliorucci,43.816667,28.383333
delne,46.416667,25.833333
delnita,47.533333,25.316667
delureni,44.733333,24.533333
delureni,44.633333,23.966667
delureni,46.816667,24.35
delureni,44.816667,24.25
delurenii,44.883333,24.383333
delut,47.566667,25.3
demacusa,47.7,25.516667
demircea,43.916667,28.033333
demsus,45.583333,22.8
denta,45.353889,21.249167
deparati,44.266667,25.216667
deparati-harlesti,44.283333,25.2
de parostu,45.466667,22.966667
derinchioi,44.35,28.3
derna,47.2,22.3
derna voevozi,47.216667,22.4
dernisoara,47.216667,22.25
dersca,47.983333,26.2
dersida,47.383333,22.8
desa,43.866667,23.033333
desag,46.383333,25.366667
desesti,47.766667,23.85
desirati,45.316667,27.566667
desnatui,44.266667,23.35
desrobitii-minastirea,46.15,26.683333
deta,45.388889,21.224444
deutsch-lugosch,45.688611,21.903056
deutschpereg,46.233333,20.9
deutsch-sankt-michael,45.704444,21.088889
deutsch sankt nikolaus,46.066667,20.6
deutsch-sankt-nikolaus,46.083333,20.633333
deutsch-sankt-peter,46.116667,21.05
deva,45.883333,22.9
devesel,44.468889,22.667222
deveselul,44.066667,24.383333
dezesd,45.466667,21.883333
dezmir,46.766667,23.716667
deznalaz,46.366667,22.25
diacona,46,27.266667
diaconesti,46.466667,26.266667
diaconesti,45.1,25.45
diaconesti,44.75,23.733333
diaconesti,45.2,25.25
dia,44.35,23.583333
dianca,46.516667,26.6
dianu,45.083333,23.95
dicanesti,46.883333,22.1
dichiseni,44.233333,27.533333
diciosanmartin,46.333333,24.283333
diconesti,44.85,24.616667
diculesti,45.316667,26.366667
didilesti,44.966667,23.033333
diecheni,45.65,27.533333
dienci,44.75,24.366667
dienet,46.333333,27.066667
dijir,47.35,22.466667
dileul vechiu,46.466667,24.3
dileu nou,46.466667,24.333333
dilga,44.45,26.966667
dilma,44.903056,22.745278
dimaci,45.683333,27.366667
dimbovita,45.416667,25.2
dimburile,46.766667,23.966667
dimieni,44.583333,26.133333
dimitrie cantemir,46.507778,28.054722
dimitrie sturza,44.033333,25.8
dimoiu,44.9,25.533333
dimulesti,44.666667,24.083333
dincani,44.833333,24.616667
din darat,45.2,25.05
dindesti,47.533333,22.383333
dindestii mic,47.583333,22.35
dinga,46.483333,27.733333
dinias,45.650833,21.008056
din tarsa,45.2,24.066667
dinulesti,45.066667,24.1
diocheti,45.966667,27.75
diocheti,45.933333,27.133333
diosig,47.3,22
diosod,47.3,23.016667
diosti,44.116667,24.183333
dipsa,46.966667,24.433333
dirjana,46.233333,22.683333
disznajo,46.9,24.783333
ditesti,44.983333,25.733333
ditrau,46.816667,25.516667
ditro hodas,46.866667,25.433333
diudiu,47.333333,26.683333
divic,44.782222,21.480278
diviciorii mari,46.983333,24.083333
diviciorii mici,46.966667,24.1
djer,45.407222,20.992222
dlanlepos,47.5,24.016667
doaga,45.816667,27.283333
doaga vasiliu,46.666667,27.316667
doamna,46.916667,26.316667
doanca,43.85,24.65
dobaca,45.65,22.75
doba,44.483333,24.233333
doba,47.283333,23.083333
doba mica,47.3,23.083333
dobarca,45.85,23.766667
dobarceni,47.816667,27.066667
dobarceni,46.616667,27.8
dobarlau,45.733333,25.883333
dob,46.25,22.666667
dobeni,46.283333,25.183333
dobirlau-vale,45.733333,25.933333
doblea-cerbureni,45.216667,24.7
dobolii de sus,45.783333,26.033333
dobolt,47.983333,23.033333
doboseni,46.116667,25.583333
dobra,45.75,23.666667
dobra,45.916667,22.566667
dobra,44.383333,23.1
dobra,47.483333,22.833333
dobra,44.783333,25.716667
dobraia,45,22.483333
dobrana,45.05,23.65
dobreni,44.253056,26.212778
dobrenii,44.416667,25.116667
dobrest,45.9,21.933333
dobresti,46.433333,22.916667
dobresti,44.966667,25.133333
dobresti,46.85,22.3
dobresti,45.433333,23.4
dobresti,43.966667,23.95
dobresti,44.933333,24.466667
dobresti,45.2,25.433333
dobretu,44.5,23.95
dobric,47.25,24.133333
dobricel,47.3,24.116667
dobriceni,44.533333,24
dobriceni,45.15,24.133333
dobricionesti,46.983333,22.466667
dobricu lapusului,47.5,23.916667
dobridor,44.116667,23.166667
dobrilesti,45.116667,26.616667
dobrin,47.283333,23.133333
dobrinesti,44.75,24.466667
dobrinesti,45.916667,27.3
dobrita,45.133333,23.166667
dobrocina,47.266667,23.716667
dobroesti,44.45,26.183333
dobrogostea,44.166667,25.3
dobromira,44.266667,23.616667
dobromir din vale,44.016667,27.783333
dobromiru din deal,43.983333,27.8
dobrosesti,44.7,26.183333
dobroslavesti,46.766667,27.6
dobrosloveni,44.183333,24.366667
dobrota,45.1,26.283333
dobrot,45.2,24.666667
dobroteasa,44.783333,24.383333
dobrotesti,43.966667,24.133333
dobrotesti,44.283333,24.883333
dobrovat,46.95,27.7
dobrovatu-moldoveni,46.966667,27.733333
dobrovatu-rusi,46.966667,27.7
dobrusa,44.616667,24.233333
docaneasa,46.116667,27.8
docani,46.133333,27.733333
doc,45.433333,21.066667
dochia,46.9,26.55
doclin,45.296944,21.653889
doctoei,46.55,26.983333
doctor petru groza,46.533333,22.45
docuzaci,43.85,28.033333
dodesti,46.35,27.883333
dodesti valeni,46.383333,27.833333
dodu dojanului,45.75,26.75
doeran,44.85,28.383333
doftana,45.15,25.8
dofteana,46.316667,26.516667
dogari,45.416667,26.75
dogari,44.833333,24.466667
dogari,44.6,25.416667
dogneca,45.274167,21.756944
doh,47.316667,22.716667
doicesti,44.983333,25.4
doina,47.55,27.2
doina,46.916667,26.5
dolani,45,25.383333
dolcesti,44.816667,23.5
dolea,47.283333,22.483333
dolhasca,47.433333,26.6
dolheni,47.366667,23.666667
dolheni,46.466667,27.9
dolhesti,46.866667,27.9
dolhesti,47.216667,26.066667
dolhesti,47.45,26.516667
dolhestii mici,47.433333,26.55
dolina,47.833333,26.45
dolina-liubcova,44.710278,21.895833
dolu,46.983333,23.333333
domahida,47.716667,22.6
domald,46.3,24.6
doman,45.265278,21.916389
domasnea,45.083333,22.316667
dombrovany,46.583333,22.5
domnesti-de jos,44.4,25.933333
domnesti-de sus,44.399444,25.919722
domnesti,47.033333,24.483333
domnesti,46.033333,27.216667
domnesti,45.2,24.833333
domnestii-targ,46.016667,27.183333
domnesti-sarbi,44.383333,25.916667
domnin,47.333333,23.183333
domnita balasa,44.583333,25.55
domnita,46.983333,27.333333
domnita elena,43.916667,28.583333
domnita ileana,45.366667,27.516667
domnul tudor,44.133333,23.316667
domosu,46.833333,23.016667
dona,44.316667,26.5
donesti,44.8,24.35
dopca,45.983333,25.383333
dorasti,45.766667,27.466667
dorgos,46.016667,21.8
dor marunt,44.45,26.916667
dorna,47.05,23.55
dorndorf,46.266667,22.433333
dorneni,46.416667,27.233333
dornesti,46.783333,26.633333
dornesti,47.866667,26.016667
dornisoara,47.216667,24.85
dorobant,47.883333,26.65
dorobanti,46.35,21.233333
dorobanti,45.083333,26.533333
dorobanti,44.366667,26.4
dorobantu,44.95,28.266667
dorobantu,44.4,28.316667
dorobantu,44.216667,26.95
dorobantu,44,24.816667
dorolea,47.183333,24.633333
dorolt,47.85,22.816667
doroltu,46.85,23.3
dororotea,44.566667,28.6
doroscan,47.15,27.25
dorotea,47.5,25.8
doseni,45,23.566667
dospinesti,46.583333,26.983333
dospinesti,45.1,25.55
dosu,46.133333,22.933333
dosu,45.083333,24.066667
dosu,45.433333,26.483333
dosu glodului,46.666667,23.916667
dosul,45.116667,24.283333
dosul lazului,44.727222,22.775556
dosul napului,46.65,23.916667
dosul raului,44.966667,24.4
dosul sandei,44.416667,23.916667
dosu salciei,46.783333,24.3
dosu tapului,45.75,26.7
dozesti,44.8,23.966667
dozsa gyorgy,46.466667,24.5
dracea,43.866667,25.016667
draceni,47.45,26.016667
dracesti,44.366667,25.233333
dracsani,47.633333,26.933333
dracsani,44.216667,24.983333
dracseni,46.583333,27.466667
dracsinesti,45.766667,22.2
dracsini,47.65,26.816667
draculesti,45.783333,28.066667
dragaestii ungurenii,44.95,25.3
dragaici,45.083333,26.55
dragalina,48.05,26.45
dragalina,44.983333,28.366667
dragalina,44.433333,27.316667
dragalina,47.616667,27.216667
draganasti,44.101389,25.598056
draganeasa,44.533333,25.733333
draganescu,44.34,25.893889
draganesti de vede,44.133333,25.05
draganesti,44.966667,24.95
draganesti,47.516667,27.25
draganesti,47.3,26.4
draganesti,45.133333,24.466667
draganesti,45.783333,27.466667
draganesti,44.816667,26.3
draganesti-olt,44.166667,24.533333
draganu,44.716667,24
drag,47.016667,23.4
dragesti,46.3,22.8
dragesti,46.733333,26.95
dragesti,46.883333,22.133333
dragesti,46.866667,27.383333
dragesti,46.25,27.183333
dragheasa,44.666667,25.233333
draghescu,45.15,24.916667
draghesti,45.433333,26.983333
draghesti,44.983333,22.666667
draghia,47.35,23.766667
draghiceanu,43.866667,25.666667
draghiceni,44.133333,24.25
draghicesti,44.75,24.75
draghicesti,45.15,24.533333
draghici,45.133333,25.05
draghiesti,44.65,25.283333
draghineasa,44.583333,25.283333
draghinesti,44.433333,25.416667
dragoaia,44.233333,23.516667
dragodana,44.733333,25.35
dragodanesti,45.05,25.233333
dragoeni,45.05,23.333333
dragoesti-de-jos,44.566667,26.533333
dragoesti-de-sus,44.55,26.533333
dragoesti,47.55,26.083333
dragoesti,45.7,21.666667
dragoesti,44.816667,24.3
dragoesti,44.583333,26.566667
dragoestii,45.033333,24.6
dragoesti-valea bisericii,44.6,26.55
dragoiasa,47.166667,25.433333
dragoiu,44.883333,24.3
dragomanesti,46.5,27.533333
dragomer,45.543889,21.946944
dragomiresti-deal,44.458889,25.945278
dragomiresti-din vale,44.475,25.935
dragomiresti,44.916667,25.333333
dragomiresti,47.683333,24.3
dragomiresti,47.016667,26.533333
dragomiresti,46.633333,27.35
dragomirna,47.75,26.233333
dragosa,47.633333,25.633333
dragosanka,47.95,26.033333
dragoslaveni,46,26.666667
dragosloveni,45.566667,27.083333
dragoteni,46.733333,22.3
dragotesti-de-jos,44.816667,23.15
dragotesti,44.25,24.1
dragotesti,44.8,23.166667
dragotestii de sus,44.833333,23.133333
dragotestii,44.583333,22.95
dragschina,45.7,21.433333
dragugesti,46.366667,26.766667
dragusani,46.3,26.983333
dragus,45.75,24.783333
draguseni,48.016667,26.816667
draguseni,46.133333,25.3
draguseni,46.916667,27.5
draguseni,47.283333,26.483333
draguseni,47.916667,23.083333
dragusenii de sus,48.016667,26.8
draguta,47.2,26.316667
dragutesti,44.966667,23.233333
draja,46.383333,27.216667
drajna de jos,45.216667,26.05
drajna de sus,45.266667,26.066667
drajna noua,44.45,27.316667
drambar,46.083333,23.6
dranesti,47.083333,26.55
dranic,44.05,23.85
dranovatu,44.433333,24.266667
dranov,44.883333,29.6
drasov,45.933333,23.75
draut,46.266667,21.816667
dreispitz,46.05,21.283333
drencova,44.633333,21.966667
dreptu de jos,47.116667,25.85
dreptu de sus,47.133333,25.866667
dretea,46.8,23.1
dricu certejii,46.4,23.033333
dridif,45.816667,24.883333
dridu,44.7,26.45
dridu-snagov,44.716667,26.45
drighiu,47.166667,22.65
drincea,44.304167,23
drinova,45.683333,22.066667
drislea,47.75,26.983333
dristie,44.858889,21.856111
dr. n. manolescu,45.1,26.6
drobeta-turnu severin,44.631944,22.656111
drogu,45.183333,27.233333
druganesti,44.483333,25.7
drugesti,46.3,27.666667
drujestii noi,46.316667,27.666667
drumu carului,45.466667,25.333333
drumul-mare,44.6,23.7
dubasu,46.633333,26.7
dubesti,45.916667,22.033333
duboki-nadas,45.9,21.533333
dubosz,45.55,21.55
dubova,44.616667,22.266667
duca,44.45,27.55
duculesti,44.783333,23.05
duda,46.7525,28.037222
duda epureni,46.705278,28.031667
dudasi,44.653056,22.693889
dudasu,44.640833,22.596111
dud,46.3,21.85
dudescu,44.95,27.433333
dudesti,44.9,27.433333
dudovicesti,44.383333,23.783333
dudu,43.983333,24.683333
dudu,44.457222,25.988333
duduieni,46.4,22.85
dueran,44.833333,28.366667
dugosello,45.968889,20.558056
duingi,44.533333,28.65
dulau,45.516667,21.766667
dulaul petan,46.716667,22.2
dulaul plastin,46.7,22.2
dulbanu,44.9,26.6
dulceanca,44.1,25.116667
dulceni,43.983333,25.05
dulcesti,43.9,28.55
dulcesti,46.966667,26.766667
dulcsele,46.35,22.366667
dulgheru,44.716667,28.233333
dumasca,46.933333,27.7
dumbrau,46.433333,23.766667
dumbrava de jos,46.216667,22.816667
dumbrava,45.816667,22.116667
dumbrava,46.316667,26.883333
dumbrava,46.783333,22.066667
dumbrava,44.912222,22.076111
dumbrava,44.883333,25.2
dumbrava,45.8,22.783333
dumbrava,47.483333,23.883333
dumbrava,47.2,26.466667
dumbrava,44.883333,26.183333
dumbrava,47.816667,23.1
dumbrava,47.5,26.133333
dumbrava,46.25,27.283333
dumbrava rosie din deal,46.883333,26.433333
dumbrava rosie din vale,46.85,26.483333
dumbrava-vale,46.933333,24.816667
dumbravele,47.066667,26.4
dumbraveni,45.15,23.5
dumbraveni,43.933333,27.983333
dumbraveni,46.233333,24.566667
dumbraveni,47.65,26.416667
dumbraveni,46.766667,27.333333
dumbraveni,45.533333,27.116667
dumbraveni,44.55,25.183333
dumbraveni,44.633333,26.1
dumbravesti,44.966667,24.683333
dumbravesti,45.083333,26
dumbravica,44.666667,22.783333
dumbravioara,46.633333,24.633333
dumbravita de jos,47.4,26.333333
dumbravita,46.783333,22.15
dumbravita,47.266667,24.183333
dumbravita,48.016667,26.45
dumbravita,45.766667,25.433333
dumbravita,45.883333,22.7
dumbravita,47.266667,26.85
dumbravita,47.6,23.65
dumbravita,45.796944,21.2425
dumbravita noua,45.666667,27.366667
dumbravu,46.833333,23.233333
dumeni,48.016667,26.533333
dumesti,46.016667,22.716667
dumesti,47.183333,27.35
dumestii vechi,46.833333,27.3
dumitra,46.1,23.683333
dumitra,47.216667,24.483333
dumitrana,44.322778,25.997778
dumitreni,46.4,24.75
dumitresti-de-sus,45.55,26.883333
dumitresti-duca,47.033333,27.766667
dumitresti,44.8,24.833333
dumitresti,44.716667,27.5
dumitresti,46.516667,24.783333
dumitresti,44.683333,24.316667
dumitresti-galatei,47.016667,27.783333
dumitrita,47.066667,24.616667
dumuslau,47.35,22.683333
dunarea,44.15,26.833333
dunarea mica,44.505556,22.712222
dunareni,44.2,27.8
dunavatu de jos,44.983333,29.216667
dunavatu de sus,45.016667,29.233333
dupa bulai,46.25,22.833333
dupa deal,46.333333,23.416667
dupa deal,45.116667,25.3
dupa deal,46.316667,24.283333
dupa minastire,47.683333,24.233333
dupa peles,46.5,22.866667
dupa piatra,46.183333,23
dupa piatra,45.4,26.333333
dupa rau,47.783333,24.25
dupusdorf,46.15,24.5
durdova,45.184167,21.7225
duri,45.783333,23.683333
durnesti,47.6,27.366667
durusa,47.416667,23.466667
dusesti,46.833333,22.2
dusesti,47.016667,26.516667
dutesti,44.55,23.066667
dutulesti,44.45,23.783333
dzombolj,45.791389,20.717222
edera de jos,45.033333,25.633333
edera de sus,45.05,25.616667
edilchioi,44,28.35
edu,47.6,25.1
eduta,47.483333,27.466667
eforie sud,44.05,28.633333
eftimie murgu,44.900278,22.092778
ege,46.2,25.283333
egerpatak,45.816667,25.966667
egerszeg,45.5,21.616667
egresch,46.116667,20.783333
ehed,46.633333,24.8
ehreste,47.833333,25.35
eisenstein,45.333333,21.783333
elciu,47.066667,23.566667
elena pavel,44.866667,28.383333
elisabeta,44.373889,22.856944
elisa stoenesti,44.633333,26.666667
eliseni,46.283333,24.933333
elopatak,45.85,25.683333
emil racovita,46.883333,27.666667
enachesti,44.9,24.716667
enachesti,46.483333,26.7
enciu,47.05,24.25
enculesti,44.9,24.933333
enculesti,45.383333,26.766667
enculesti,45.25,24.5
ende-carachioi,44.25,28.266667
enghe-mahale,44.05,28.366667
enghez,43.95,28.316667
enisala,44.883333,28.816667
eniselia,44.033333,27.866667
enlaka,46.433333,25.1
enosesti,44.383333,24.283333
enuta,44.473333,25.770833
eotvosfalva,45.616667,21.433333
episcopia-bihor,47.1,21.9
episcopia,44.75,24.1
episcopia,45.033333,24.366667
epureni,47.866667,26.833333
epureni,47.3,27.416667
epureni,46.25,27.9
epureni isvoare,47.3,27.433333
epuresti,44.258056,25.882222
epuroaia,44.783333,23.133333
erbiceni,47.266667,27.233333
ercea,44.6775,22.984722
ercea,46.733333,24.516667
erchesec,44.566667,28.183333
erculesti,45.333333,27.35
erdocsinad,46.633333,24.716667
erdofule,46.15,25.616667
erdoidecs,46.85,24.816667
erdoszakal,46.883333,24.716667
erdoszengyel,46.633333,24.666667
erdoszentmihaly,46.733333,24.866667
erebiler,43.916667,28.316667
eremieni,46.533333,24.866667
eremitu,46.666667,24.933333
eresteghin,45.866667,25.95
erghevita,44.606667,22.783056
eriste,47.883333,25.333333
eriu-sancraiu,47.583333,22.666667
ermeny,45.271389,21.364167
ernea,46.233333,24.533333
ernei,46.6,24.65
erselend,47.433333,22.05
esanca,48.166667,26.65
eschibaba,44.766667,28.55
escu,47.133333,23.533333
esechioi,44.033333,27.416667
eselnita,44.699167,22.362222
esna,45.183333,27.55
eteni,47.783333,23.033333
ezareni,47.116667,27.55
ezeni,44.916667,25.816667
ezerel,46.65,27.416667
ezeres,45.410833,21.885833
ezer,48.016667,26.25
ezer,46.416667,27.516667
ezureni,45.083333,23.333333
fabrica de zahar,47.2,23.4
fabrica ranghilesti,47.65,27.233333
facaeni,44.566667,27.9
facaeni,45.3,25.983333
facaletesti,44.85,24.683333
facau,44.2925,25.831111
faclia,44.283333,28.116667
facsad,45.85,22.183333
facuti,47.25,27.066667
fagadaele galzii,46.183333,23.616667
fagadaul-voivodeni,47.066667,23.416667
fagaras,45.85,24.966667
fagarasul-nou,44.866667,28.266667
fagetel,44.783333,24.533333
fagetel,45.016667,25.35
fagetel,45.883333,22.583333
faget,45.25,26.066667
fagetu,47.083333,22.6
fagetu,44.75,25.316667
fagetu,45.133333,26.016667
fagetu,45.816667,26.7
faghieni,46.533333,27.25
falaesti,47.25,27.283333
falastoaca,44.198611,26.1825
falcau,47.916667,25.466667
falcescii,45.216667,25.883333
falciu,46.296111,28.140833
falcoaia,44.376111,25.803056
falcoianu,44.316667,27.316667
falcoiu,44.233333,24.366667
falcusa,47.283333,23.783333
fanari,44.8,26.183333
fanarii,44.783333,26.083333
fanata,46.5,22.533333
fanata,47.533333,23.766667
fancel,46.366667,25.283333
fancica,46.983333,22.333333
fandola,47.483333,27.316667
fantana banului,44.1,23.066667
fantana brazilor,46.483333,25.266667
fantana-doamnei,44.416667,26.733333
fantana-domneasca,44.583333,22.933333
fantana-dulce,45.25,29.166667
fantana,45.966667,25.283333
fantana mare,44.483333,22.95
fantana-mare,47.4,26.3
fantaneanu,46.45,26.983333
fantanela,45.016667,26.383333
fantanele,46.933333,24.283333
fantanele,44.616667,28.583333
fantanele,46.416667,24.75
fantanele,44.466667,23.766667
fantanele,47.25,26.7
fantanele,44.2,23.6
fantanele,47.516667,26.316667
fantanele,46.5,27.45
fantanele,44.716667,25.866667
fantanelele,46.6,26.833333
fantanelele,45.116667,26.5
fantanelele,46.2,27.05
fantanele negre,44.483333,22.9
faragau,46.766667,24.516667
faraoane,45.716667,27.05
faraoani,46.433333,26.9
farasesti,45.8,22.383333
farau,46.333333,24.016667
farcad,46.3,25.233333
farcadin,45.6,22.866667
farca,46.8,24.033333
farcasa,47.583333,23.333333
farcasa,47.166667,25.833333
farcasa,46.5,27.333333
farcasa,45.8,26.816667
farcasanca,44.616667,23.733333
farcasanca,44.392222,25.815556
farcasani,47.15,26.9
farcasani,44.866667,25.783333
farcasele-de-jos,44.133333,24.466667
farcasesti,44.866667,23.2
farcasesti-mosneni,44.883333,23.183333
farcasu de sus,44.15,24.433333
farcasu,44.6,23.75
fardia,45.733333,22.166667
farkashaza,46.066667,22.216667
farkasicy,47.883333,23.95
farkaslaka,46.383333,25.216667
farliug,45.488333,21.849444
fartagi,47.016667,26.033333
fartanesti,45.816667,27.983333
fartatesti,44.783333,24
fastaci,46.733333,27.433333
fata albacului,46.45,22.95
fata buliga,44.666667,22.616667
fata,44.816667,24.616667
fata,46.266667,25
fata lui nan,44.366667,26.483333
fata macarestilor,46.333333,23.333333
fata malului,45.483333,26.516667
fata motrului,44.616667,23.3
fata pietrii,46.216667,23.633333
fata seocului,44.936111,22.136389
faurei,45.066667,27.233333
faurei,46.916667,26.683333
faurei,45.766667,27.2
faurei,44.283333,26.883333
faureni,46.933333,23.55
fauresti,47.566667,23.75
fauri,46.8,26.566667
fazekastarno,46.25,22.65
febis,45.971389,21.418333
fedeleseni,47.116667,26.966667
fedelesoiul,45.15,24.383333
federi,45.533333,23.116667
fedesti,46.3,27.866667
fefelei,45.016667,26.433333
fegernic,47.2,22.133333
fegernicu nou,47.216667,22.1
feisa,46.216667,24.15
feiurdeni,46.883333,23.633333
feketeer,45.716667,21.7
feketefalva,46.633333,22.366667
felcheriu,46.983333,22.083333
feldioara,46.416667,23.866667
feldru,47.283333,24.6
feleac,47.083333,24.25
feleac,46.716667,23.616667
feleag,46.233333,25.016667
felegyhaz,46.016667,21.366667
felfalu,46.816667,24.75
feliceni,46.266667,25.266667
felmenes,46.283333,22.016667
felmer,45.933333,25.016667
felsofeketevolgy,46.55,22.533333
felsofuld,46.933333,23.066667
felsofuves,46.466667,22.516667
felsokoves,46,22.283333
felsopoeny,46.6,22.516667
felsorakos,46.083333,25.533333
felsorepa,46.966667,24.766667
felsosofalva,46.533333,25.15
felsoszakacs,46.566667,22.033333
felsoszoos,47.433333,24.033333
felsosztamora,45.606389,21.396389
felsozcuk,46.85,23.783333
felta,46.2,24.65
feneris,46.7,22.283333
fenes,46.1,23.283333
fenes,46.633333,22.316667
fenes,45.183333,22.35
fenyes,46.3,22.333333
feny,45.498611,20.875833
ferastrau,46.133333,26.666667
ferastrau oituz,46.2,26.566667
ferbinti,44.5,25.283333
ferbinti tirg,44.7,26.35
ferdinand,45.533333,22.366667
ferdinand i.,44.533333,27.716667
feredeeni,47.483333,26.866667
feregi,45.783333,22.65
feregile,45.133333,24.066667
ferend,45.314444,21.499722
feresti,47.833333,23.95
feresti,46.783333,27.7
fericat,46.483333,22.95
fericea,47.4,23.4
fericse,46.633333,22.516667
ferma laza,46.65,27.583333
ferma orvisel,47.133333,22.216667
ferma studina,43.966667,24.416667
ferneziu,47.683333,23.633333
fersig,47.533333,23.383333
feru,47.233333,25.733333
feteni,44.766667,25.216667
feteni,45.1,24.433333
fetesti,44.383333,27.833333
fetesti,47.416667,26.916667
fetesti,47.7,26.333333
fetesti,46.033333,26.75
fetesti-gara,44.4,27.816667
fetestii noi,44.4,27.866667
fetig,45.75,26.8
fetindia,47.133333,23.016667
fiad,47.483333,24.383333
fiatfalva,46.266667,25.016667
fichitesti,46.2,27.466667
fieni,45.133333,25.416667
fierbinti de jos,44.7,26.4
fierbinti de sus,44.683333,26.4
figa,47.133333,24.216667
filaret,44,23.616667
filastache,44.317222,26.302778
fildu de mijloc,46.933333,23.016667
fildu de sus,46.95,22.966667
filea de jos,46.616667,23.5
filea de sus,46.6,23.483333
filesti,45.45,27.983333
filias,44.55,23.516667
filiasi,47.216667,27.116667
filimon sarbu,45.083333,27.266667
filimon sirbu,44.05,28.516667
filimon sirbu,45.9,22.816667
filimon sirbu,45.033333,28.533333
filipeni,46.533333,27.183333
filipesti,46.75,26.883333
filipesti,47.716667,26.783333
filipesti,46.216667,26.716667
filipestii de padure,45,25.75
filipestii de targ,44.983333,25.783333
filipisul mare,46.75,24.583333
filipisul mic,46.783333,24.6
filitelnic,46.366667,24.666667
filitis,44.683333,26.083333
filiu,44.983333,27.516667
filiul tarlele,45.05,27.483333
filpea,46.866667,25.416667
finate,46.516667,24.283333
finatele madarasului,46.6,24.433333
finatele manicului,46.983333,24.166667
finciu,46.75,23.033333
finisel,46.683333,23.416667
finta,44.8,25.8
finta veche,44.8,25.833333
fintesti,45.1,26.466667
finteusul-mare,47.55,23.466667
finteusul mic,47.566667,23.45
fintina blanarului,46.583333,27.583333
fintina,47.033333,23.4
fintinele,46.033333,23.266667
fintinele,45.716667,28
fintinele,47.416667,23.833333
fintinele,44.5,24.6
fintinele,47.25,23.55
fintinele,43.716667,25.283333
fintinele noi,47.4,27.183333
fintinita,44.116667,23.05
fintoaga,45.916667,22.433333
firesti,45.1,24.233333
firijba,44.983333,24.133333
firiza-de-jos,47.75,23.6
firizu,44.844444,22.724167
firminis,47.25,23.133333
firtanus,46.416667,25.1
firtosvaralya,46.416667,25.15
fiscalia,44.8,24.266667
fisculestii,44.833333,26.016667
fiscut,46.033333,21.4
fiser,46.066667,25.15
fisici,45.4,26.466667
fistigoi,44.916667,24
fitionesti,45.983333,27.05
fizesch,45.361944,21.595
fizes,47.083333,22.766667
fizes,45.983333,22.883333
fizesti,45.55,23.083333
fizesu gherlii,47.016667,23.983333
flamanda,45.4,27.033333
flamanda,44.403056,22.711111
flamanda,44.196111,25.509722
flamanda,44.833333,29.583333
flamanda,44.933333,24.333333
flamanda,43.75,24.95
flamanzesti,45.15,24.683333
flamanzi,47.55,26.866667
flaminda vlasca,44.033333,26.25
flecoasa,46.1,27.35
flendura,48,27.033333
fleva,45.266667,27.083333
fleva,44.316667,27.183333
flocesti,46.383333,23.016667
flocesti,46.216667,26.883333
flocoasa,46.116667,27.366667
floranu,44.3,23.433333
floreasca,44.466667,26.1
florescu,44.483333,25.75
floresteni,44.933333,23.416667
floresti de jos,45.05,24.083333
floresti-de-sus,44.516111,25.693611
floresti,47.233333,24.3
floresti,45.4,26.816667
floresti,46.733333,23.483333
floresti,44.4,23.8
floresti,47.65,27.133333
floresti,44.763056,22.947778
floresti,45.083333,28.45
florestii de jos,44.5,25.7
florestii,46.25,27.216667
florica,44.866667,24.933333
florica,45.3,27.283333
florica,44.833333,27.333333
florica,43.8,24.466667
florica,44.516667,26.666667
florica,43.883333,25.9
florinta,47.65,26.133333
floroaia,45.666667,26
floroaia mica,45.683333,26.016667
floru,44.383333,24.75
fluturica,47.583333,25.1
focsa,46.564444,28.189722
focsanei,45.183333,26.866667
focsani,45.7,27.183333
focsasca,46.933333,27.633333
focuri,47.35,27.216667
fodora,46.983333,23.533333
fodora,47.266667,23.683333
fodorhausen,45.4675,20.985
fodorhaz,45.45,20.983333
foeni,47.7,22.383333
fofaza,46.266667,27.15
fofeldea,45.833333,24.5
foglas,47.25,22.533333
foi,46.483333,24.6
foisor,44.1,23.866667
folea,45.5,21.3
foltana,45.566667,28.05
foltesti,45.75,28.05
foltesti,46.433333,27.716667
folt,45.866667,23.15
fometesti,45.133333,23.866667
fonau,46.816667,21.983333
forasti,47.35,27.283333
forasti,47.35,26.466667
fornadia,45.966667,22.85
forosig,46.816667,22.116667
forotic,45.230278,21.5875
fotachesti,44.283333,25.5
fotesti,44.833333,24.233333
fotin enescu,47.35,26.716667
fotin,45.383333,27.15
fotos,45.916667,25.866667
fraidorf,45.716667,21.183333
franceni boiului,47.4,23.616667
francenii de piatra,47.316667,23.683333
francesti,45,24.1
frasancea,45.083333,22.466667
frasinei,44.666667,25.4
frasinel,46.966667,26.466667
frasinet,46.75,22.866667
frasinet,44,24.416667
frasinet,44.166667,24.316667
frasinet,45.2,25.666667
frasinetu de jos,44.316667,26.816667
frasinetu,45.233333,26.283333
frasin,47.216667,25.733333
frasin,47.533333,25.8
frasinis,44.764444,21.772222
frasinoaia,46.45,26.85
frasinu,43.983333,28.1
frasinu,44.35,23.5
frasinu,46.616667,27.5
frasinu,44.025833,26.019722
frasinul,44.816667,23.533333
frasuleni,47.333333,27.583333
frata,46.7,24.05
fratautii noi,47.95,25.85
fratautii vechi,47.9,25.883333
fratelia,45.716667,21.216667
fratesti-birnici,45.116667,23.216667
fratesti,44.8,24.783333
fratesti,43.966667,25.966667
fratestii-mosneni,45.133333,23.216667
fratia,46.433333,27.2
fratici,44.766667,24.6
fratila,44.616667,23.85
fratilesti,44.616667,27.6
fratostita,44.583333,23.583333
frecatei,44.916667,28.15
frecatei,45.1,28.666667
frecatei,45.966667,27.083333
frecatei,44.75,25.8
frenciugi,46.9,27.483333
fricoasa,45.15,25.616667
fringhesti,45.183333,26.05
fripti,44.116667,24.683333
frumoasa,46.65,26.533333
frumoasa,47.6,26.2
frumoasa,43.8,25.466667
frumoasa noua,43.766667,25.466667
frumosu,47.616667,25.65
frumusani,44.296111,26.325556
frumusei,44.883333,23.633333
frumusele,47.05,27.25
frumuselu,46.25,27.366667
frumusica,47.533333,26.9
frumusica,47.05,27.283333
frumusica,44.616667,26.733333
frumusita,45.666667,28.066667
fruntea,44.882222,22.009444
frunte,46.883333,24.65
fruntesti,46.5,27.2
fruntisani,46.2,27.766667
frunza,44.85,23.7
frunzanesti,44.366667,26.35
frunzaru,44.05,24.583333
frunzeasca,45.916667,27.416667
frunzeni,46.75,26.616667
frunzeni,46.816667,24.566667
frunzi,46.9,24.333333
fucheni,45.233333,25.433333
fueresti,45.216667,24.416667
fufez,47.15,22.583333
fughiu,47.05,22.05
fulga de jos,44.883333,26.433333
fulga de sus,44.9,26.45
fulga,45.333333,26.75
fulgu,46.5,27.366667
fumureni,44.616667,24.15
fundaja,46.833333,24.9
fundata,45.45,25.3
fundata,44.583333,25.783333
fundata,44.583333,27.183333
fundata,45.466667,26.516667
fundatica,45.433333,25.3
fundatura,46.966667,23.783333
fundatura,45.866667,26.633333
fundatura,45.15,24.316667
fundatura,45.383333,26.3
fundatura-pihnesti,46.794722,28.018889
fundatura-rachitoasa,46.466667,27.333333
fundatura-tepoaia,46.316667,27.333333
fundaturile,45.333333,26.316667
fundeanu,45.983333,27.716667
fundeni,46.65,27.066667
fundeni,45.3,26.883333
fundeni,45.533333,27.533333
fundeni,45.116667,26.016667
fundeni,44.383333,26.35
fundoaia,46.9,25.433333
fundoaia,46.316667,27.183333
fundu budei,45.483333,26.883333
fundu catinei,45.283333,26.216667
fundu danciului,44.683333,26.366667
funduesti,44.716667,25.1
fundu,44.733333,26.183333
fundu herta,48.1,26.3
fundu izei,47.633333,24.433333
fundul moldovei,47.533333,25.4
fundul parului,44.566667,25.5
fundul raului,45.6,24.033333
fundul-tutovei,46.7,27.183333
fundul-vornicului,43.8,24.683333
fundu negrei,46.766667,27.466667
fundu nehoi,45.433333,26.266667
fundu papi,45.5,26.75
fundu poenii,47.016667,27.133333
fundu racaciuni,46.35,26.883333
funduri,44.616667,25.4
fundu sistarului,46.783333,27.1
fundu vaei,46.416667,27.133333
fundu vaii,46.533333,27.7
furceni,45.833333,27.316667
furcenii noi,45.816667,27.333333
furcsoara,46.016667,22.75
furculesti,43.866667,25.15
furdesti,46.316667,22.766667
furesti,44.933333,25.1
furnica,43.966667,28
furnicari,46.516667,27
furnicosi,45.133333,25
furtunesti,45.466667,26.4
fusea,44.666667,25.516667
fuzegy,46.65,22.283333
gabera,44.4,24.283333
gabor aron vasuzem,46.35,25.516667
gabovana,46.2,26.883333
gabriesti,45.066667,24.516667
gabru,44.266667,23.566667
gabud,46.416667,24.016667
gadalin,46.85,23.85
gaderlach,46.133333,21.216667
gadinti,46.933333,27.016667
gaesti,44.716667,25.316667
gafencu,47.983333,26.3
gageni,45.016667,25.95
gagenii de jos,45.016667,26.566667
gagenii de sus,45.016667,26.583333
gageni-vintileanca,44.983333,26.583333
gagesti,46.333333,27.966667
gagesti,45.85,27.033333
gagu,44.616667,26.266667
gagy,46.366667,25.016667
gaia de sus,44.516667,23.85
gaiceana,46.333333,27.216667
gaiculesti-gruiu,45.2,24.266667
gaidar,46.466667,26.75
gainari,45.816667,24.55
gainesti,44.85,25.25
gainesti,44.583333,24
gainesti,47.416667,25.916667
gainusa,44.766667,24.733333
gaiseanca,44.466667,24.583333
gaiseni,44.515,25.645278
gaita,44.566667,27.883333
gaiul-mic,45.293889,21.210556
galambod,46.633333,24.55
galanesti,47.916667,25.8
galaoaia,46.966667,24.916667
galaseni,46.9,23.183333
galasesti,44.95,24.783333
galateanul,44.816667,24.683333
galateni,46.466667,24.7
galateni,44.216667,25.35
galati,46.083333,23.3
galati,45.516667,23.066667
galatii bistritei,46.983333,24.4
galatui,44.266667,27.1
galautas,46.916667,25.433333
galben,48.033333,26.7
galbeni,46.45,26.933333
galbenu,45.216667,27.166667
galbezeni,47.116667,26
galbiaa,46.033333,23.066667
galbinasi,45.083333,26.916667
galbinasi,44.315,26.414167
galbiori,44.483333,28.25
galcesti,44.816667,24.75
galcesti,44.85,23.666667
galda de sus,46.216667,23.583333
galdaele,44.216667,24.466667
galdau,44.316667,27.683333
galeri,46.4,27.033333
galesesti,44.7,24.966667
gales,45.8,23.866667
galesoaia,44.933333,23.083333
galesti,46.516667,24.75
galesti,46.183333,27.25
galesu,44.25,28.433333
galesu,45.266667,24.766667
galgau,47.283333,23.716667
galgau,47.2,23.333333
galicea,44.916667,24.283333
galicea mare,44.1,23.3
galiciuica,44.1,23.383333
galita,44.1,27.483333
galma,45.25,25.483333
galmeele,44.066667,24.633333
galos-petreiu,47.483333,22.216667
galpaia,47.133333,23.266667
galsa,46.283333,21.65
galtiu,46.133333,23.666667
galtofanii,45,24.383333
galu,47.133333,25.9
gamacesti,45.25,24.933333
gamanesti,44.65,25.7
gambas,46.35,23.716667
gambut,46.35,24.066667
ganasuica,44.416667,24.283333
ganeasa,44.483333,26.283333
ganeni,47.516667,26.383333
ganesti,45.116667,24.833333
ganesti,46.083333,27.983333
ganesti,46.333333,24.35
ganesti,46.816667,27.933333
gangeova,43.9,23.85
gansaga,45.633333,23.033333
gara balabanesti,46.133333,27.683333
gara banca,46.316667,27.783333
garabos,45.877222,20.743333
gara buhaesti,46.8,27.55
gara chitila,44.5,25.983333
gara coslariu,46.166667,23.683333
gara crasna,46.516667,27.816667
gara docaneasa,46.116667,27.783333
gara epureni,46.233333,27.916667
garagau,44.233333,25.183333
gara ghidigeni,46.083333,27.466667
gara ghilvaci,47.7,22.683333
gara iacomi,46.05,27.45
gara ianca,45.133333,27.516667
gara laculete,45.016667,25.4
gara lehliul,44.433333,26.85
gara leu,47.3,26.483333
gara marculesti,44.433333,27.5
gara motatei,44.033333,23.2
garana,45.216667,22.1
gara patroaia,44.733333,25.2
gara petre luciu,45.9,24.45
gara rupea,46.016667,25.266667
gara sarmasel,46.783333,24.216667
gara sarulesti,44.45,26.65
gara sintereag,47.183333,24.266667
garassa,46.116667,22.116667
gara-titu,44.666667,25.55
gara tusnad-sat,46.2,25.9
garbau,46.833333,23.35
garbeni,48.083333,26.633333
garbesti,46.983333,27.3
garbesti-tibanesti,46.966667,27.283333
garboiul,45.433333,26.333333
garbou,47.15,23.433333
garboul-dejului,47.216667,23.916667
garbova de jos,46.25,23.666667
garbova-de-sus,46.283333,23.633333
garbova,45.866667,23.733333
garbovat,44.888333,22.0075
garbovat,46.016667,27.516667
garbovatu de jos,44.7,23.016667
garbovatu de sus,44.723889,22.825278
garbovi,44.783333,26.766667
garbovu,44.733333,23.35
garceiu,47.266667,23.066667
garceni,46.766667,27.283333
garcina,46.983333,26.3
garciu,46.45,25.783333
garcovu,43.766667,24.633333
gardaneasa,44.95,22.783333
gardani,47.55,23.316667
garda saca,46.55,22.8
gardesti,44.65,24.25
gardesti,46.55,27.45
gardesti,44.266667,25.116667
gardoaia,44.764167,22.923333
garla-mare,44.209167,22.775
garla mica,44.2,22.833333
garleasca,45.516667,27.533333
garlele gazarii,46.483333,26.516667
garleni,46.666667,26.8
garleni,44.8,25.25
garlestii,44.35,23.916667
garliciu,44.766667,28.083333
garliste,45.183333,21.833333
garlita,44.066667,27.483333
garlutei,44.833333,27.816667
garnic,44.786389,21.794444
garnita,44.588889,22.8525
garoafa,45.783333,27.2
garvan,45.35,28.166667
gascesti,44.341389,25.805556
gasteni,46.333333,26.95
gastesti,47.25,26.666667
gataia,45.431111,21.43
gatejesti,45.1,24.2
gatrejei,45,23.983333
gaujani,43.733333,25.7
gaujani,45.45,24.383333
gaujani,44.55,24.95
gaunoasa,46.966667,27.483333
gaura,47.433333,23.483333
gaureana,47.183333,26.933333
gaureanca,47.85,26.45
gaureni,46.083333,23.416667
gaureni,46.9,27.283333
gaureni,47.8,26.083333
gaureni,44.294167,25.811111
gauricea,45.616667,22.866667
gauriciu,43.816667,25.383333
gauri,45.95,26.833333
gavanele,45.416667,26.466667
gavanesti,45.1,27.083333
gavanesti,44.416667,24.016667
gavanesti,44,25.433333
gavanesti,45.2,24.283333
gavani,45.283333,27.633333
gavanu,46.5,27.6
gavojdia,45.616667,22.016667
geabelea,45.116667,25
geaca,46.866667,24.1
geacas,46.233333,24.466667
geamana,46.316667,23.216667
geamana,44.816667,24.883333
geamana,44.9,23.966667
geamana,44.8,24.3
geamana-stoilesti,44.95,24.4
geangoesti,44.883333,25.366667
geblesti,44.333333,23.316667
gefu,46.066667,27.5
geges,46.5,24.866667
gelari,45.716667,22.783333
gelence,45.95,26.233333
gelmar,45.9,23.233333
gemenea-bratuleesti,45.116667,25.216667
gemenele,45.283333,27.616667
gemeni,44.166667,23.083333
gemes,46.816667,24.433333
gemesi revhaz,46.333333,20.883333
general al. averescu,47.166667,26.516667
general papurgescu,45.316667,27.933333
general poetas,44.95,27.316667
general praporgescu,45.016667,28.366667
genuneni,45.033333,24.116667
geoagiu de jos,45.916667,23.2
geoagiu de sus,46.25,23.6
geogel-bucur,46.3,23.383333
geomal,46.266667,23.616667
george enescu,48.033333,26.483333
georgescu iustin,44.933333,27.533333
georgiceni,47.366667,25.45
geormaneasa,44.883333,27.766667
georocel,43.983333,23.966667
georocu mare,44.116667,23.95
geoseni,46.283333,26.633333
gepis,46.833333,22.016667
gepiu,46.916667,21.8
gera boului,44.783333,24.616667
gerausa,47.6,22.933333
gernet,44.9,24
gernyeszeg,46.666667,24.65
gersa a doua,47.283333,24.45
gersa,47.3,24.45
gertenisch,45.43,21.5825
gezafalva,45.35,21.316667
gheaba,45.3,26
ghebani,45.166667,23.633333
ghebari,45.783333,26.766667
gheboaia,44.8,25.75
gheboasa,45.066667,25.6
gheboeni,44.983333,25.3
ghecet,45.283333,28.033333
gheghie,47.016667,22.516667
ghelmegioaia,44.614722,22.8325
ghenci,47.633333,22.533333
ghenetea,47.383333,22.4
ghenoaica,45.033333,26.383333
gheorghe doja,46.333333,27
gheorghe doja,47.016667,26.816667
gheorghe lazar,44.633333,27.45
gheorghem,46.716667,25.616667
gheorgheni,46.716667,23.7
gheorghitesti,44.783333,25.333333
gherac,46.7,21.683333
gheraseni,45.033333,26.783333
ghercestii de sus,44.35,23.9
ghercestii noi,44.316667,23.833333
gherdana,46.266667,27.183333
gherdeal,45.85,24.733333
gherengii,43.9,28.5
ghergani,44.633333,25.716667
ghergheasa,45.266667,27.2
ghergheleu,46.85,27.716667
gherghesti,44.683333,25.3
gherghesti,46.5,27.516667
gherghita,44.8,26.266667
gherla,47.033333,23.916667
gherman bicaz,46.85,25.866667
ghermanesti,46.316667,27.833333
ghermanesti,45.016667,24.5
ghermanesti,44.7,26.15
gherta mare,47.966667,23.216667
gherta mica,47.933333,23.233333
ghetar,46.5,22.816667
ghialacuta,46,22.783333
ghibarteni,46.016667,27.916667
ghicani,46.383333,27.65
ghida,47.3,22.45
ghidet,46.783333,25.533333
ghidfalau,45.9,25.85
ghidigeni,46.05,27.5
ghidion,47.033333,27.15
ghidionu,46.633333,26.466667
ghighiu,44.9,26.083333
ghigoesti,46.983333,26.566667
ghigulani,44.81,22.903611
ghijasa de jos,45.916667,24.383333
ghijasa de sus,45.966667,24.416667
ghilad,45.465556,21.143333
ghilanesti,46.433333,27.183333
ghilea,46.416667,26.583333
ghilesti,47.483333,22.583333
ghilia,47.95,26.3
ghilvaci,47.683333,22.666667
ghim basani,44.566667,27.483333
ghimbav,45.666667,25.5
ghimes,46.583333,26.033333
ghimicesti,45.966667,27.066667
ghimpati,44.65,25.8
ghimpati,44.55,27.216667
ghimpati,44.191667,25.780278
ghimpeteni,44.283333,24.766667
ghinda,47.133333,24.566667
ghindaoani,47.1,26.333333
ghindaresti,44.65,28.033333
ghindari,44.55,24.033333
ghindeni,44.216667,23.916667
ghinesti,44.75,25.55
ghinghesti,46.016667,27.75
ghiocari,45.45,26.616667
ghiocel,45.1,26.166667
ghiocu,45.233333,26.466667
ghioldum,45.833333,25.866667
ghiolpunar,44.05,27.966667
ghiolt,46.95,24.066667
ghionoaia,46.35,27.266667
ghiorac,46.15,21.583333
ghiordunu,45,24.483333
ghioroiu,44.7,23.833333
ghiortani,48.033333,26.3
ghiosani,44.483333,24.083333
ghipes,46.266667,25.4
ghirbom,46.033333,23.733333
ghirdoveni,44.933333,25.666667
ghireasca,46.2,27.9
ghireni-curt,48.1,27.033333
ghirisa,47.6,22.8
ghiris,46.55,23.9
ghirisu,46.8,23.966667
ghiroda,45.763889,21.300278
ghirolt,47.033333,23.783333
ghirolt,47.6,22.616667
ghiulita,46.033333,22.133333
ghizdaru,43.933333,25.866667
ghizdavesti,44.066667,24.116667
ghizdita,45.3,26.85
ghizela,45.824167,21.737222
giarmata,45.838333,21.310833
giarmata vii,45.833333,21.316667
gibesti,45.083333,24.5
gigartul,44.216667,24.45
gighera,43.85,23.8
gilau,46.75,23.383333
gilmeia,45.033333,26.15
gilortu,44.666667,23.483333
gilwas,45.548889,20.984444
ginerica,45,24.5
gingiova noua,43.9,23.866667
ginta,46.75,22.083333
giorgenii,46.233333,27.183333
giorgieana,46.166667,27.35
giorocuta,47.433333,22.8
girbo-leorda,47.233333,23.916667
gircina de jos,46.966667,26.333333
giris,46.716667,21.916667
girisu de cris,47.066667,21.783333
girleni,45.133333,26.35
giroc,45.694167,21.235833
girov,46.95,26.516667
giubega,44.116667,23.416667
giuclani,44.9,24.516667
giulesti,47.816667,23.933333
giulesti,44.75,23.966667
giulesti,47.35,26.383333
giulesti,44.466667,26
giulestii de sus,44.7,23.966667
giulestii minastire,47.8,23.933333
giulus,46.4,24.3
giungi,47.566667,22.783333
giura,44.5,23.116667
giurcani,46.283333,27.966667
giurcu,44.85,23.616667
giurcuta de jos,46.65,22.983333
giurcuta de sus,46.65,22.916667
giuresti,44.872222,22.846667
giurgeni,44.766667,27.883333
giurgeni,44.969722,22.576667
giurgesti,46.316667,22.75
giurgesti,47.25,26.9
giurgesti,47.5,26.416667
giurgesti,46.733333,27.966667
giurgita,44.016667,23.633333
giurgiu,43.883333,25.966667
giurgiuveni,45.116667,24.5
giuvarasti,43.8,24.7
givonesti,46.233333,22.55
gladna montana,45.733333,22.2
gladna-romana,45.75,22.216667
glajaria,46.85,24.983333
glamboaca,45.783333,24.466667
glambocata,44.783333,25.2
glambocel,44.833333,25.133333
glambocel,44.85,25.166667
glambocul,44.9,24.783333
glavacioc,44.466667,25.25
glavanesii,46.25,27.383333
glavanesti,47.566667,27.283333
glavita,45.783333,21.933333
gledeny,46.966667,24.716667
gliganu de jos,44.65,25.033333
gliganu de sus,44.65,25
gligoresti,46.45,23.983333
glimboca,45.483333,22.316667
globu craiovei,44.983333,22.266667
globurau,45,22.366667
glodeanul sarat,44.866667,26.65
glodeanul silistea,44.833333,26.8
glodeni,46.65,24.6
glodeni,46.85,27.516667
glodghilesti,45.966667,22.466667
glod,46.05,23.15
glod,47.283333,23.65
glod,45.25,25.45
glodisoarele,46.616667,27.15
glodosu,46.333333,26.666667
glodu,44.866667,25.05
glodu,47.183333,25.483333
glodu,45.45,26.633333
glodu,44.816667,25.166667
glodu,44.2,23.8
glodu,45.133333,26.45
gloduri,46.416667,26.483333
glodurile,45.333333,26.533333
glodut,44.15,23.866667
glogovacz,46.15,21.4
glogova,44.928056,22.906667
glogoveanu,44.483333,25.35
glogovet,46.15,24.016667
glugesti,44.7,24
goala,44.083333,25.066667
goanta,44.233056,22.960556
gocs,46.416667,24.666667
godeanu,44.801111,22.608611
godemesterhaza,46.983333,25.233333
godeni,44.55,23.733333
godinesti de sus,46.433333,27.216667
godinesti,45,22.966667
godinesti,46.033333,22.533333
goesti,44.483333,23.766667
goesti,47.15,27.133333
gogan,46.3,24.516667
gogeasca,45.233333,26.166667
gogetu,44.8,24.033333
gogoii,46,26.833333
gogora,44.466667,25.716667
gogosari,43.866667,25.7
gogosesti,44.45,23.883333
gogosita,44.4,23.35
gogosiu,44.416667,23.366667
gogosul,44.373889,22.593056
gohor,46.066667,27.4
goia,44.533333,25
goicea,43.916667,23.616667
goicea mica,43.95,23.616667
goicelu,45.483333,26.8
goidesti,45.45,26.516667
goila,46.766667,22.333333
goioasa,46.45,26.3
golaesti,47.233333,27.7
golasei,45.05,27.733333
goleasca,44.355278,25.589722
golenti,44.016667,23.05
goles,45.683333,22.75
golesti de sus,45.633333,27.1
golesti,44.833333,24.966667
golesti,45.666667,27.133333
golestii badi,44.8,25.1
golestii,45.116667,24.933333
golet,45.283333,22.25
golfinu,44.283333,24.016667
golia,46.833333,27.683333
golineasa,44.533333,23.15
gologanu,45.616667,27.266667
golotreni,45.35,24.283333
gomoesti,45.066667,26.8
gorani,45.4,26.566667
gorani,44.933333,24.566667
goranu,45.1,24.383333
gorbanesti,47.783333,26.85
gorban,46.876111,28.078889
goreni,44.281111,25.862222
gorganasu,44.366667,24.083333
gorgan,46.05,24
gorganu de jos,44.85,25.033333
gorgeny,46.766667,24.85
gorgenyhodak,46.766667,24.916667
gorgenynadas,46.7,24.816667
gorgenyoroszfalu-solovaestru,46.766667,24.766667
gorgenyorsova,46.75,24.9
gorgenysoakna,46.783333,24.8
gorghesti,46.433333,27.283333
gorgota,44.983333,25.5
gorgota valea lunga,45.066667,25.55
gorgoteni,44.95,25.55
gorgova,45.183333,29.166667
gornacel,45.15,23.35
gornea,44.728056,21.854167
gornenci,44.913611,22.547222
gornet,45.116667,26.066667
gornetu,45.4,26.45
gornovita,45.066667,22.966667
gorovei,46.816667,26.933333
gorovei,47.883333,26.35
goruia,45.187222,21.779167
gorunesti,44.583333,23.95
gorun,46.783333,27.133333
goruni,47.1,27.716667
goruni,44.05,27.616667
gosd,46.333333,22.166667
gosoiu,45.016667,25.45
gospodaria,45.65,28.066667
gostavatu,44.083333,24.533333
gostila,47.333333,23.816667
gostilele,44.5,26.5
gostimil,44,26.116667
gostinari-belu,44.183333,26.233333
gostinarii-vacaresti,44.183333,26.216667
gothatea,45.95,22.6
gotlob,45.933889,20.71
govajdia,45.733333,22.816667
govodarva,44.7,22.9
govora,44.416667,24.116667
govora,45.066667,24.233333
goza oarului,47.816667,22.716667
grabanu,44.916667,24.6
grabicina de jos,45.416667,26.65
grabicina de sus,45.433333,26.666667
gradina,44.55,28.433333
gradinari,44.566667,24.266667
gradinele,45.5,27.516667
gradinele,43.95,24.383333
gradini,46.616667,24.066667
gradistea de jos,45.266667,27.4
gradistea de munte,45.616667,23.216667
gradistea de sus,45.266667,27.383333
gradistea,44.866667,23.816667
gradistea,44.45,24.233333
gradistea,44.213611,26.156944
gradistea,44.666667,26.283333
gradiste,45.516667,22.783333
grajdana,45.2,26.616667
grajdanesti,43.983333,25.65
grajdeni,46.183333,27.766667
grajduri,46.966667,27.516667
gramesti,47.916667,26.15
granari,46.033333,24.966667
graniceri,46.516667,21.3
granicesti,47.816667,26.066667
grapeni,46.046944,28.028889
gratia,44.433333,25.45
greabanu de jos,44.883333,24.65
greabanu,45.383333,26.966667
greaca,47.6,27.45
greaca,44.109444,26.339444
grebenisu de cimpie,46.6,24.3
greblesti,45.466667,24.3
greceanca,45.066667,26.55
grecesti,44.45,23.283333
grec,44.55,23.116667
greci,45.183333,28.233333
greci,45.066667,27.266667
greci,44.666667,25.333333
grecii de buzeu,45.2,26.766667
grecii de jos,44.683333,26.35
grecii de mijloc,44.666667,26.35
grecii de sus,44.666667,26.3
greeresti,44.75,24.433333
greifenthal,45.833333,21.666667
greoni,45.085556,21.62
gresia,44.183333,24.916667
gresu,45.916667,26.666667
grid,45.816667,25.216667
grid,45.733333,23.1
griesti,46.9,27.366667
grigoreni,45.1,24.933333
grigoreni,46.6,26.683333
grigoresti,47.716667,26.383333
grindasi,44.733333,26.833333
grindeni,43.816667,23.9
grind,45.866667,22.483333
grindu,45.4,28.216667
grindu,44.766667,26.916667
grinties,47.05,25.866667
grintiesu mic,47.05,25.883333
grivita,48.2,26.683333
grivita,44.733333,27.283333
grivita,45.716667,27.65
grivita,44.483333,26.016667
grivita noua,48.016667,26.583333
groapa mare,45.6,26.916667
groapa rea,45.183333,24.716667
groapa vladichii,47.583333,26.233333
groape,47.45,23.716667
groapele,45.166667,24.7
grohotele,46.2,23
grohot,46.233333,22.766667
groi,46.95,22.616667
grojdibod,43.75,24.266667
gropanele,44.466667,23.233333
gropani,45.883333,21.816667
gropeni,44.883333,24.883333
gropeni,47.9,26.1
gropeni,45.183333,24.45
gropi,47.133333,26.266667
gropi,47.65,26.1
gropnita,47.35,27.25
gropsani,44.433333,23.966667
grosarau,45.85,24.166667
groseni,43.966667,25.45
groserea,44.716667,23.483333
gros,46.483333,22.116667
gros,46.366667,22.55
gros,45.75,22.9
grosi gheblea,47.616667,23.616667
grosi,45.916667,22.283333
grosi,44.883333,24.7
grosi,47.283333,26.316667
grosi,44.983333,24.05
grosii tiblesului,47.483333,24.066667
grossdorf,46.066667,20.95
grosshalmagen,46.266667,22.583333
gross-jetscha,45.849167,20.889167
gross-sakosch,45.583333,21.728056
gross-sankt-peter,46.05,20.666667
gross-schemlok,45.361389,21.440556
gross-teremin,45.935278,20.525
grosstoplowetz,45.773889,21.618889
grosswardein,47.066667,21.933333
grosu,44,25.466667
grozavesti,44.133333,24.216667
grozavesti,45.933333,27.3
grozavesti,44.55,25.45
grozesti,46.990833,28.050556
grozesti,44.65,23.316667
grozesti,46.2,26.616667
gruelaci,46.033333,22.816667
gruia,44.2675,22.704722
gruin,45.766667,21.816667
gruisor,46.45,24.616667
gruiu-fierbinti,44.733333,26.233333
gruiu,44.733333,25.066667
gruiu,45.116667,23.433333
gruiu,44.231389,26.414722
gruiu lung,46.2,22.516667
grumazesti,45.933333,26.7
grumazoaia,46.554444,28.035278
grunji,45.5,26.65
gubandru,44.383333,24.016667
guesti,44.583333,24.7
guga,47.283333,23.833333
gugea,47.233333,27.083333
gugesti fabrica,45.566667,27.133333
gugesti,46.766667,27.883333
guguianca,44.866667,24.216667
guleanca,45.433333,27.516667
gulia,44.545833,25.870556
gulia,47.416667,26.6
gunoaia de jos,46.4,27.366667
gura albesti,46.466667,27.833333
gura aninoasei,45.3,26.633333
gura armanului,45.15,28.2
gura badicului,45.516667,26.633333
gura badilitei,47.35,26.783333
gura bascei,45.266667,26.35
gura bohotin,46.905278,28.055278
gura bujorascu,44.916667,23.016667
gura calitei,45.583333,27.016667
gura calmatui,44.816667,27.8
gura calnaului,45.183333,26.833333
gura caluiu,44.45,24.033333
gura catiasului,45.383333,26.316667
gura cernului,46.483333,26.666667
gura ciobanasului,46.45,26.35
gura craesti,46.35,27.35
gura crivatului,44.833333,25.8
gura crucilor,44.916667,24.45
gura curita,46.183333,26.733333
gura damuc,46.833333,25.9
gura-dimienei,45.4,26.766667
gura foii,44.75,25.283333
gura garbovat,46.016667,27.483333
gura haitii,47.233333,25.333333
gura hangului,47.05,26.016667
gura homorului,47.55,25.9
gura hulubei,45.016667,25.05
gura ialomitei,44.7,27.766667
gura idrici,46.416667,27.866667
gura lumediei,44.866667,23.366667
gura mentii,44.683333,23.266667
gura-mijlociul,44.533333,23.85
gura motrului,44.55,23.433333
gura munteni,46.6,27.766667
guranda,47.766667,27.066667
gura negri,47.333333,25.416667
gurani,45.116667,23.533333
gura-niscov,45.216667,26.7
gurany,46.6,22.55
gura oantului,46.933333,26.183333
gura ocnitei,44.933333,25.583333
gura ondului,46.033333,23.1
gura padina,43.766667,24.316667
gura paltinisului,45.45,26.366667
gura plopului,46.266667,27.383333
gura putinilor,46.133333,22.866667
gura putnei,47.9,25.583333
gura racatau,46.366667,27.016667
gura racului,44.516667,23.9
gura rauhii,45.733333,23.983333
gura rogozului,46.416667,22.966667
gura rosia,46.3,23.05
gura similei,46.266667,27.7
gura slanicului,46.266667,26.583333
gura slinulin,46.283333,22.916667
gura sohodol,46.35,27.4
gura solcii,47.733333,26.05
gura solontului,46.633333,26.516667
gura suhasului,45.066667,24.333333
gura susitei,44.6,23.433333
gura sutei,44.75,25.516667
gura teghii,45.483333,26.416667
gura tiganesti,46.366667,27.283333
gura tircovului,45.3,26.583333
gura vaci,44.916667,24.683333
gura vadului,45.05,26.466667
gura vaei,46.333333,26.733333
gura vaei,44.566667,27.566667
gura vaei,46.95,26.433333
gura vaei,46.05,26.733333
guravai,46.3,22.383333
gura vai,45.383333,26.666667
gura vai,44.666667,22.556389
gura-vai,45.183333,24.366667
gura vaii,45.716667,24.9
gura vaii,44.216667,23.783333
gura vitioarei,45.15,26.033333
gura vladesi,47.283333,23.7
gura vladnici,47.316667,26.883333
gura vulcanei,45.033333,25.383333
gura zlatareasa,46.366667,27.216667
gurba,46.466667,21.783333
gurbediu,46.783333,21.866667
gurbesti,46.75,22.35
gureni,45.116667,23.033333
gureni,44.066667,25.4
gurgueti,45.366667,27.666667
gurgueti,44.283333,25.4
gurguiata,45.216667,24.2
guruslau,47.283333,22.983333
gusati,44.866667,25
gusati,44.633333,25.433333
gusitei,46.457222,28.021944
gusterita,45.816667,24.183333
gustureni,44.3,26.333333
gusu,45.933333,23.9
gutenbrunn,46.066667,21.55
gutu,43.833333,25.833333
gvardenita,44.4,23.15
gyegyeseny,46.55,22.416667
gyorgyo-varhegy,46.85,25.45
habasesti,47.15,26.966667
habeni,44.85,25.633333
habic,46.7,24.783333
habud,44.783333,25.933333
hadad,47.4,23.033333
hadambu,47.016667,27.45
hadarau,46.466667,23.983333
haesti,45.066667,23.533333
hagato,46.883333,25.683333
hagau,46.983333,24.416667
haghiac,46.3,26.5
haghiac,46.366667,27.383333
haghig,45.833333,25.583333
hagieni,43.783333,28.466667
hagieni,44.65,27.783333
hagiestia,44.55,26.433333
hagilar,45.033333,28.7
hagioaica,44.666667,25.533333
haiboca,45.316667,26.883333
haidar,44.766667,28.266667
haieu,46.983333,22
hajdate,46.65,23.433333
halalai,44.45,23.8
halanga,44.680833,22.689167
halangesti,44.766667,23.766667
halaresti,46.4,27.55
halaucesti,47.1,26.8
halceni,47.433333,27.266667
halchiu,45.766667,25.55
haleasa,47.233333,25.716667
hales,45.2,26.55
halesti,44.666667,24.1
halinga mare,44.683333,22.7
halita,46.916667,27.416667
halmacioaia,46.7,26.766667
halmagen,45.866667,25.116667
halmagymezo,46.25,22.583333
halmajd,47.15,22.616667
halmeriu,47.966667,23.016667
halmeu vii,47.983333,23.016667
halos,46.15,26.716667
halta dodesti,46.4,27.8
hamba,45.866667,24.2
hamcearca,45.116667,28.366667
hamzoaia,46.983333,26.033333
hanaseni,46.19,28.037778
hancea,47.6,26.45
handal,47.75,23.383333
handresti,47.116667,27.033333
hanescii,47.916667,26.983333
hangani,46.45,26.45
hangu,47.05,26.033333
hangulesti,45.6,27.4
hanisesci,46.5,22.833333
hanta de pe deal,46.183333,27.333333
hantesti,45.966667,27.283333
hanu conache,45.583333,27.6
hanu de pamanta,44.566667,25.833333
hanul-lui-pala,44.55,25.383333
hanzesti,45.716667,22.15
hapria,46.083333,23.666667
haraj,45.933333,26.2
haranglab,46.3,24.416667
harasztkerek,46.466667,24.683333
harau,45.9,22.95
harco,46.583333,24.483333
haret,45.933333,27.2
harja,46.166667,26.466667
harlau,47.433333,26.9
harlesti,46.816667,26.883333
harlesti,44.283333,25.216667
harmaneasa,47.2,26.866667
harmanestii noi,47.283333,26.816667
harmanestii vechi,47.266667,26.8
harman,45.716667,25.683333
harmasfalu,46.483333,24.9
harnea,45.016667,23.6
harnicesti,47.783333,23.883333
haromalmas,46.283333,22.233333
harosora,44.683333,27.933333
harpasesti,47.15,27.283333
harsa,45.033333,26.166667
harseni,45.75,25.016667
harsesti,44.533333,24.783333
harsova,46.683333,27.533333
harsoveni,46.65,27.5
hartagani,46.05,22.916667
hartesti,46.866667,26.683333
hartiesti,45.016667,24.966667
hartiesti,45.116667,25.1
hartioana razesti,46.65,27.033333
hartoape,47.333333,26.733333
hartop,46.95,26.583333
hartop,46.549722,28.166111
harzesti,46.533333,22.5
hasag,45.966667,24.083333
hasancea,44.166667,28.466667
hasdat,45.733333,22.933333
hasdau,45.65,22.733333
hasfalau,46.233333,24.933333
hasmas,46.583333,23.566667
hasmasu ciceului,47.233333,24.05
hatagel,45.566667,22.833333
hatcarau,44.816667,26.316667
hateg,45.616667,22.95
hatojka,45.933333,26.133333
hattyas,45.7075,21.594167
haucesti,47.233333,22.2
haulisca,45.883333,26.683333
haunesti,44.788333,22.630556
havad,46.483333,24.833333
havadto,46.433333,24.8
havarna,48.066667,26.65
havaspoklos,46.65,22.066667
hazu,46.283333,27.3
heci,47.35,26.666667
heidendorf,46.05,22.45
helegiu,46.35,26.75
helesteu,44.683333,25.666667
heliade radulescu,45.283333,27.116667
heltiu,46.2,26.933333
hemeeni,46.55,26.616667
hemeius,46.616667,26.85
henciu,47.216667,27.266667
henig,46.1,23.733333
henkeres,46.583333,22.366667
hentisor,46.25,22.333333
hepa,47.85,25.4
herasti,44.666667,23.883333
herasti,44.211389,26.354722
herastrau,44.483333,26.1
herastrau,45.816667,26.65
herculian,46.133333,25.7
hereclean,47.25,23.016667
herendesti,45.65,21.85
herepea,46.333333,24.15
heresti,47.266667,26.583333
herghelia frasin,47.9,25.433333
herghelia,46.633333,24.483333
heria,46.366667,23.983333
herina,47.016667,24.416667
herioara,45.183333,24.616667
herla,47.45,26
hermannstadt,45.8,24.15
hermeziu,47.45,27.55
hetca,47.833333,24.4
hetea,45.833333,25.683333
hetiur,46.266667,24.766667
heveder,46.65,25.65
hida,47.066667,23.283333
hideaga,47.583333,23.416667
hidegseg,46.6,25.966667
hidisel,46.833333,22.25
hidiselu de jos,46.95,22.066667
hidiselu de sus,46.95,22.05
hidis,46.783333,22.25
hidis,46.433333,23.633333
hidrifaia,46.383333,24.466667
higiu-draghesti,44.533333,23.233333
higiu,44.533333,23.183333
hilib,45.966667,26.233333
hiliseu-crisan,48.016667,26.333333
hiliseu-curt,48.033333,26.25
hilita,47,27.816667
hinganesti,46.533333,26.166667
hinova,44.540556,22.776944
hintesti,44.816667,24.833333
hirip,47.716667,23
hirja,45.5,26.816667
hisias,45.85,21.716667
hlapesti,47.033333,26.6
hlincea,47.116667,27.583333
hobaia,44.387222,25.770833
hobita gradiste,45.483333,22.783333
hobita,45.05,23.066667
hobita,44.75,23.1
hoceni,46.539167,28.006667
hociungi,46.816667,26.75
hodani,45.9,21.083333
hodea,47.85,24.283333
hodgya,46.283333,25.233333
hodiroaia,43.9,25.783333
hodisa,47.583333,22.983333
hodis,46.8,22.1
hodisu,46.9,22.916667
hodora,47.35,27.016667
hodoreasca,44.933333,23.066667
hodosa,46.633333,24.816667
hodosel,46.65,22.033333
hodos,47.216667,21.983333
hodos,45.666667,21.8
hoghilag,46.233333,24.616667
hoghiz,45.983333,25.3
hoinari,45.366667,27.183333
hoisesti,47.2,27.316667
hoisesti,46.883333,26.65
holbav,45.65,25.383333
holboca,47.15,27.7
holdita,47.266667,25.7
holdmezes,46.3,22.3
holm,46.883333,27.166667
holod,46.783333,22.133333
holt,46.566667,26.966667
holtmaros,46.883333,24.816667
homiceni,47.016667,26.65
homita,47.3,26.583333
homocea,46.133333,27.233333
homojdia,45.85,22.35
homoraciu,45.266667,26.016667
homoriciu paminteni,45.266667,26
homorodalmas,46.233333,25.45
homorod-bai,46.35,25.466667
homorod-de mijloc,47.633333,23.066667
homorod,45.933333,23.25
homorodszentmarton,46.233333,25.383333
homorodszentpal,46.183333,25.383333
homorodszentpeter,46.183333,25.366667
homorodu de sus,47.616667,23.05
homorodujfalu,46.15,25.4
homorog,46.833333,21.766667
hondol,45.983333,22.983333
honorici,45.613333,21.906667
hoparta,46.316667,23.866667
horasti,44.783333,23.016667
horatu cehului,47.4,23.25
hordila,46.716667,27.433333
hordilesti,46.75,27.5
horea,47.683333,22.233333
horez,45.15,23.3
horezu,44.466667,23.966667
horezul-poenari,43.966667,23.866667
horezu vechi,44.466667,23.983333
horga,46.283333,27.883333
horgesti,46.366667,22.95
horgesti,46.433333,27.066667
horgesti,46.383333,28.15
horia,46.216667,21.45
horia,47.45,25.3
horia,44.633333,28.116667
horia,45.016667,28.45
horia,44.533333,26.8
horjani,45.316667,26.3
horlacea,46.816667,23.033333
horlaceni,47.916667,26.333333
horlesti,47.116667,27.366667
horoatu crasnei,47.133333,22.883333
horodistea,48.25,26.716667
horodistea,45.35,26.883333
horodniceni,47.533333,26.166667
horodnicu de jos,47.866667,25.866667
horodnicu de sus,47.85,25.85
horoiata,46.4,27.733333
hosasau,46.35,25.916667
hoscadin,43.766667,28.366667
hosman,45.833333,24.433333
hosszuaszo,46.116667,24.05
hosszuaszo,46.066667,21.816667
hosszufalu,45.6,25.716667
hosszusor,46.316667,22.616667
hosszuszabadi,45.908056,21.974444
hotarani,44.166667,24.416667
hotareasa,44.816667,23.283333
hotarele,45.183333,24.333333
hotarele,44.1725,26.370278
hotarel,46.533333,22.433333
hotar,47.016667,22.3
hotaroaia,44.85,23.916667
hotaru,43.75,24.25
hoteni,47.766667,23.9
hotin,45.166667,23.483333
hotoan,47.55,22.483333
hovita,44.756389,22.472778
hovrila,47.45,23.516667
hraniceni,46.158333,28.100556
hreatca,47.533333,26.35
hribeni,47.766667,25.183333
hriscani,47.75,26.516667
hriteni,48,27.083333
huc,46.833333,27.383333
huci,46.7,23.916667
hudesti,48.15,26.5
hudum,47.75,26.6
hulesti,45.983333,27.25
huluba,45.066667,25.05
huluba,45.15,23.616667
hulubesti,48.05,26.316667
hulub,47.833333,26.966667
humele,44.533333,24.966667
humulesti,47.183333,26.35
hundorf,46.283333,24.6
hundrubechiu,46.016667,24.783333
hunedoara-timisana,46.066667,21.283333
hunia,44.05,23.1
hupca,46.4,27.7
hurducesti,44.6,23.133333
hurduzan,47,26.083333
hurezani de sus,44.8,23.65
hurezanii de jos,44.8,23.7
hurez,45.8,24.95
hurez,47.466667,22.85
hurezu mic,47.083333,22.916667
hurhuia,45.65,27.083333
hurjena,47.966667,26
hurjueni,47.916667,25.816667
huruesti,46.266667,27.25
husaresti,46.45,22.85
husasau de cris,47.083333,22.066667
husasau de tinca,46.816667,21.916667
huseni,47.183333,22.8
husia,47.283333,23.3
husi,47.45,26.383333
husi,46.673611,28.059444
husnicioara,44.678056,22.8425
huta certeze,47.916667,23.5
huta,47.366667,22.566667
huta,47.266667,24.05
huta,47.033333,23.05
hutan,47.716667,26.483333
huta voivozi,47.15,22.483333
iabalcea,45.217778,21.919444
iablanita,44.460833,23
iacob deal,45.1,28.216667
iacobeni,47.866667,26.9
iacobeni,46.666667,24.033333
iacobeni,46.2,26.1
iacobeni,47.45,27.316667
iacobeni,46.05,24.716667
iacobesti,47.766667,26.083333
iacovile,44.683333,24.1
iadara,47.483333,23.4
iad,47.183333,24.566667
iam,45.006111,21.397778
iana,46.383333,27.55
ianca din vale,43.783333,24.183333
ianca,47.283333,22.016667
ianca,45.133333,27.45
ianca noua,43.816667,24.216667
iancu jianu,44.5,24.033333
ianculesti,47.633333,22.416667
ianculesti,44.14,25.924444
ianilesti,46.216667,22.733333
ianosda,46.833333,21.816667
ianova,45.833333,21.416667
iapa,46.566667,27.116667
iapa,44.816667,27.933333
iapa,46.816667,26.433333
iara de mures,46.65,24.733333
iara,46.55,23.516667
iarapan,47.683333,23.966667
iaras,45.866667,25.6
iasi-gorj,45,23.25
iasi,45.766667,24.933333
iaslovat,47.766667,25.966667
iasu,46.2,25.25
iaz,47.116667,22.683333
iaz,45.466667,22.233333
iazu,46.5,26.733333
iazu,44.733333,27.416667
iazu,45.083333,26.016667
iazu,47.466667,26.25
iazu,44.733333,25.85
iazu-porcului,47.433333,27.233333
ibana,46.466667,27.583333
ibaneasa,47.966667,26.733333
ibanesti,48.066667,26.366667
ibanesti,46.766667,24.933333
ibanesti,44.633333,24.383333
ibanesti,46.4,27.6
ibrianu,45.25,27.366667
ibrianul,44.766667,25.833333
ibru,45.983333,23.383333
icafalau,46,26.016667
i.c. bratianu,44.183333,28.616667
i.c. frimu,47.033333,26.9
icland,46.616667,24.7
iclandul,46.516667,24.266667
iclanzeiu,46.533333,24.283333
icloda,45.638889,21.383056
iclod,46.216667,23.933333
iclod,46.983333,23.8
iclozel,46.966667,23.816667
icoana,44.416667,24.716667
ictar budinti,45.766667,21.666667
icuseni,47.583333,26.6
icuseni,47.283333,27.633333
icusesti,46.8,26.933333
ideciu de sus,46.85,24.783333
idecspatak,46.85,24.833333
idiciu,46.266667,24.45
idris-kuius,44.15,28.15
iecea mica,45.822222,20.921667
iedu,46.55,24.633333
iegheriste,47.65,23.266667
ierbus,46.766667,24.7
iercoseni,46.35,21.966667
iermata,46.383333,21.766667
iermata neagra,46.633333,21.5
iernuteni,46.766667,24.716667
iernut,46.45,24.25
iersnic,45.883333,22
iertof,45.01,21.515833
iesle,47.4,26.016667
iesupeni,47.35,27
iezuri,46,23.3
igesti,46.15,27.983333
igesti,45.816667,27.15
ighiel,46.15,23.483333
ighisdorfu romin,45.983333,24.483333
ighiu,46.15,23.516667
igiroasa,44.576944,22.963333
igirosu,44.733333,23.233333
iglita,45.133333,28.183333
ignafalva,46.4,22.166667
ignatesti,45.783333,27.983333
igoiu,45.033333,23.816667
igrita,47.083333,23.633333
ijdileni,45.633333,28.05
ilaciu,45,23.816667
ilada,44.973333,21.705278
i. lahovari,44.433333,27.483333
ilancu,47.033333,22.55
ilanlac,43.75,28.566667
ilba,47.716667,23.35
ileana,44.85,26.633333
ileanda,47.333333,23.633333
ilencfalva,46.466667,24.533333
ileni,45.783333,25
ileu,47.35,22.416667
ilfoveni,44.816667,25.566667
ilganii de sus,45.2,28.95
ilgyo,46.016667,22.366667
ilia,45.933333,22.65
ilieni,45.8,25.766667
iliesi,46.7,26.8
iliesi,46.583333,25.133333
iliesti,46.533333,26.633333
iliesti,44.633333,23.4
ilimbav,45.866667,24.533333
ilioara,46.633333,24.75
iliseni,47.666667,27.25
ilisesti,47.6,26.05
ilisua,47.216667,24.083333
ilisua,47.3,22.85
ilova,45.283333,22.333333
ilovat,44.811389,22.767222
ilovu,44.722222,22.866389
ilva mare,47.366667,24.9
ilva mica,47.316667,24.666667
imbuz,46.883333,23.983333
imecsfalva,45.95,26.166667
imoasa,44.716667,23.05
imper,46.216667,26.1
inand,46.883333,21.75
inau,47.516667,23.833333
inau,47.366667,23.266667
incesti,46.35,22.866667
incesti,46.85,22.133333
independenta,45.483333,27.75
independenta,44.283333,27.15
independenta,44.8,26.216667
ineu,46.433333,21.85
ineu,47.083333,22.116667
ineu,46.55,25.766667
ingaresti,47.183333,26.533333
in liniste,47.283333,25.383333
inoc,46.383333,23.783333
inotesti,44.966667,26.35
in poiana,45.333333,26.3
insuratei-cinculesti,44.8,23
insuratei,44.916667,27.6
in tabla,47.166667,24.366667
intorsatura-buzaului,45.683333,26.033333
intorsura,44.116667,23.583333
intre bisci,45.5,26.433333
intre prejbi,45.35,24.133333
intre valea caselor,44.8,25.233333
intunecoasa,46.566667,25.933333
inucu,46.85,23.25
inuri,44.833333,25.083333
ioanis,46.666667,22.283333
iod,46.966667,24.966667
iohanisfeld,45.565833,20.861111
iojibeni,47.783333,23.133333
iojib,47.816667,23.166667
ionascu,44.05,24.816667
ionaseni,47.733333,26.983333
ionaseni,47.816667,26.366667
ionasesti,45.9,27.266667
ioneasa,47.366667,26.433333
ionelele,44,23.55
ionel stefan,44.95,27.216667
ionestii-govorei,44.883333,24.233333
ionesti,44.683333,25.283333
ionesti,46.15,25.333333
ionesti,44.616667,23.433333
ionesti,44.85,24.233333
ionesti,44.616667,24.9
ion gheorghe duca,44.883333,24.9
ion gheorghe duca,46.866667,26.133333
ion gheorghe duca,47.6,26.433333
ion gheorghe duca,45.033333,28.933333
ion gheorghe duca,44.416667,26.616667
ion ghica,44.516667,27.3
ion iacomi,46.066667,27.783333
ionicesti,44.816667,24.433333
ion kalinderu,44.333333,24.55
ion neculce,47.2,27.05
ion roata,44.666667,26.766667
iorcani,47.333333,26.516667
iordacheanu,45.05,26.25
iorgulesti,45.266667,26.266667
iosa,44.766667,23.4
iosasi,46.283333,22.333333
iosia,47.05,21.883333
iosifalau,45.783333,21.683333
ip,47.233333,22.65
ipotesti,47.766667,26.55
ipotesti,44.316667,24.4
ipotesti,47.616667,26.283333
iratos,46.316667,21.2
ireasca,46.033333,27.416667
irestii,45.933333,26.933333
irimesti,44.65,23.933333
irina,47.55,22.4
irmesti,45.15,25.683333
irtasfalu,46.35,22.566667
isaccea,45.266667,28.466667
isaia,46.935833,28.0075
isalnita,44.4,23.733333
isaresti,44.616667,24.516667
isbasesti,45.033333,24.433333
isbasesti,44.583333,24.783333
isbiceni,43.833333,24.65
isla,46.616667,24.783333
islaz,46.716667,26.966667
islaz,46.266667,27.716667
islaz,44.466667,26.383333
islaz,43.733333,24.75
islazu,45.266667,27.933333
istihaza,46.383333,24.1
istratesti,44.85,23.883333
istrau,47.616667,22.65
isvarna,45.033333,22.916667
isverna,44.979722,22.629167
isvoare,46.9,26.483333
isvoarele,45.033333,25.266667
isvoarele,45.55,27.766667
isvoarele,44.308611,22.662778
isvoarele,44.266667,24.516667
isvoarele,44.169444,26.3175
isvoarele sucevii,47.75,25.183333
isvoral,44.534722,22.968889
isvorani,44.7,26.116667
isvoranu,45.233333,26.583333
isvorele,44.283333,26.016667
isvor,46.866667,27.016667
isvoru-anestilor,44.558333,22.854167
isvoru-de-jos,44.466667,25.066667
isvoru-de-sus,44.5,25.066667
isvoru-fata,44.7,24.183333
isvoru-frumos,44.453333,23
isvoru,47.633333,24.65
isvoru,45.333333,26.516667
isvoru,44.733333,24.183333
isvoru,44.616667,25.366667
isvorul alb,46.983333,26.083333
isvorul de jos,44.8,24.65
isvorul de sus,44.816667,24.65
isvorul dulce,45.1,26.633333
isvorul-dulce,45.35,26.783333
isvorul,44.433333,24.25
isvorul-mare,44.15,28.166667
isvorul-muresului,46.616667,25.716667
isvoru negru,47.65,24.55
italienii,44.3,23.6
itcanii-noi,47.683333,26.25
itcani,46.683333,27.25
itesti,46.65,26.866667
iteu nou,47.316667,22.433333
itrinesti,46.916667,26.633333
iucsa,46.85,27.133333
iuda,46.933333,24.483333
iugani,47.033333,26.816667
iugani,46.15,27.416667
iupca,44.869167,22.860278
iuresti,47.633333,27.083333
ivancauti,48.233333,26.65
ivancesti,45.8,27.133333
ivanda,45.565556,20.940556
ivaneasa,47.333333,24.916667
ivanesti,44.533333,27.283333
ivanesti,44.833333,24.033333
ivanesti,46.533333,24.683333
ivanetu,45.45,26.483333
ivestii,46.183333,27.533333
ivrinez,44.233333,28.066667
ivrinezul-mic,44.233333,28.033333
izaszacsal,46.3,24.933333
izesti,45.116667,26.15
izgar,45.55,21.6
izimsa,44.178889,22.955
izvin,45.8,21.45
izvoare,46.75,26.8
izvoare,44.15,23.283333
izvoarele de jos,46.516667,26.933333
izvoarele de sus,46.533333,26.916667
izvoarele,46.4,23.533333
izvoarele,47.4,22.4
izvoarele,44.166667,27.533333
izvor,45.066667,22.4
izvoru alb,47.516667,25.6
izvoru barzii,44.706667,22.674167
izvoru boului,45.483333,26.7
izvoru crisului,46.833333,23.1
izvoru,45.083333,25.533333
izvorul muntelui,46.933333,26.083333
jac,47.166667,23.233333
jacobini,46.233333,22.35
jacodu,46.316667,24.833333
jacola,47.5,26.4
jacu,46.316667,24.816667
jadremete,46.85,22.666667
jahalia,47.383333,26.233333
jamul-mare,45.254167,21.416944
jarcaleti,44.35,24.683333
jardasita,44.821667,22.381111
jaristea,45.783333,27.066667
jarostea,44.783333,24.1
jdioara,45.616667,22.1
jebac,46.883333,23.116667
jebel,45.555556,21.213611
jecu,46.933333,26.2
jegalia,44.3,27.633333
jeica,46.983333,24.5
jeledinti,45.8,23.066667
jelna,47.116667,24.566667
jena,45.6,22.066667
jercalai,45.016667,26.216667
jeristea,45.133333,23.533333
jghiaburi,45.816667,26.8
jiana mare,44.411944,22.685278
jiana veche,44.390833,22.668611
jibau,47.266667,23.25
jibert,46,25.066667
jiblea,45.233333,24.366667
jiblea noua,45.216667,24.35
jichisu de jos,47.116667,23.8
jichisu de sus,47.1,23.75
jideni,45.416667,27.016667
jidesti,46.9,26.583333
jidostita,44.712778,22.586111
jidovita,47.283333,24.433333
jidvei,46.216667,24.1
jienii,46.533333,26.95
jieni,44.366667,23.8
jieni,43.95,24.6
jieti,45.416667,23.433333
jigalia,46.316667,27.916667
jignita,44.716667,22.9
jigodin,46.333333,25.816667
jigoreni,46.9,27.316667
jijila,45.3,28.15
jilava,44.333333,26.078056
jilavele,44.766667,26.533333
jilistea,45.6,27.233333
jiltu,44.683333,23.366667
jimbor,46.933333,24.216667
jimbor,46.1,25.383333
jirlau,45.166667,27.166667
jirovu,44.666667,23.1
jitaria,47.916667,25.566667
jitaru,44.55,24.55
jitia de jos,45.566667,26.783333
jitia,45.583333,26.716667
jitin,45.146111,21.735
jitoni,45.466667,23.266667
jiu,45.05,23.283333
jiul,44.216667,23.833333
jiu-paroseni,45.35,23.25
jiu paroseni,45.366667,23.25
jobbagytelke,46.65,24.833333
joita,45.3,27.033333
joita,44.494167,25.853889
joldesti,47.566667,26.583333
joldisesti,46.383333,22.966667
jolotca,46.866667,25.466667
jonastii,45.483333,26.433333
jora,47.2,26.966667
jorasti,45.983333,27.866667
jorasti,45.716667,27.25
jormanesti,44.9,22.916667
josani,45.8,22.866667
josefvarosa,45.749444,21.227222
josenii-bargaului,47.216667,24.683333
joseni,45.316667,26.666667
jucu de jos,46.866667,23.8
jucu de mijloc,46.833333,23.766667
jucu herghelia,46.85,23.8
jugaru,44.566667,24.65
jugastreni,47.4,23.666667
jugastru,44.583333,23.4
jugulestii,45.1,25.216667
jugureanu,44.95,27.283333
jugure,45.1,26.45
juguri,44.833333,27.116667
jugur,45.2,25.083333
julesti,46.583333,22.55
julfeni,47.183333,26.5
jupa,45.45,22.183333
jupalnic,44.716667,22.4
jupaneasa,45.466667,23.333333
jupanesti,45.783333,22.266667
jupanesti,45.066667,24.85
jupani,45.8,22.016667
jupinesti,44.833889,22.565278
jurca,47.133333,23.55
juresti,45.7,22.066667
jurilofca,44.766667,28.866667
jurubesti,45.483333,26.6
kalodva,46.133333,21.65
kalotaszentkiraly,46.833333,22.983333
kanyad,46.216667,25.233333
kapolna pataka,46.566667,26.016667
kaprucza,46.083333,22.033333
karatsonyifalva,45.411944,21.143333
karatsonyiliget,45.366667,21.166667
karlovo selo,44.815278,21.710833
kaszonfeltiz,46.233333,26.1
kebele,46.55,24.7
keresztespatak,46.3,22.6
kerpenyed,46.45,22.483333
kertes,46.416667,22.116667
kezdisznetlelek,46.05,26.133333
kezdivasarhely,46,26.133333
kincstar-szent-gyorgy,45.4,21.316667
kisfalud,46.4,25.2
kisfeketefalu,46.433333,22.216667
kisgalambfalva,46.266667,25.1
kishalmagy,46.266667,22.616667
kismaglod,46.333333,22.533333
kismedeser,46.383333,25.05
kis patak,45.783333,25.983333
kispereg,46.25,20.95
kisrona,46.433333,22.266667
kissarmas,46.75,24.183333
kis-semlak,45.35,21.416667
kissolymos,46.333333,24.966667
kisszederjes,46.65,24.766667
kisszedres,46.583333,22.416667
kisszentmiklos,46.133333,21.35
kisszentpeter,46.033333,21.033333
kis-tarkany,46.583333,22.333333
kistereme,46.45,24.55
kistopoly,45.75,21.633333
kis-vizesda,45.942222,20.653056
klein scheuern,45.833333,24.066667
knees,45.9375,21.040556
kohovolgy,47.6,23.983333
kolafalva,46.483333,22.433333
konigshof,45.966667,21.483333
kopeczbanya,46.05,25.583333
korbest,46.083333,22.383333
korbovsko ostrovo,44.518611,22.723333
korospatak,45.916667,25.766667
korosvajda,46.4,22.033333
kortefaja,46.683333,24.666667
kortekapu,46.733333,24.566667
kostesci,44.925278,22.583056
kovar,46.066667,26.083333
koved,46.333333,22.016667
kovesdpatak,46.933333,24.8
krassovermes,45.520556,21.659722
krassoviszak,45.55,21.816667
kreuzburg tyei,45.7,25.85
kukullokemenyfalva,46.366667,25.35
kurtapatak,46.1,26.2
kurtos,46.25,21.266667
laass,46.266667,22.533333
laauele de jos,44.883333,24.433333
labasincz,45.966667,21.8
laceni,44.083333,25.333333
lac,45.433333,26.833333
lacrita mare,44.3,24
lacrita mica,44.3,23.95
lacu cocorului,44.283333,26.566667
lacu cu anini,45.333333,26.416667
lacu,45.4,26.533333
lacu,46.883333,24.116667
lacu,44.616667,23.066667
lacul-rezi,44.9,27.666667
lacul-sarat,45.216667,27.866667
lacunas,45.208889,21.480833
lacurile,45.083333,24.516667
lacu sarat,46.783333,22.283333
lacu sinaia,44.933333,26.566667
lacustenii de jos,44.683333,23.9
lacusteni,44.6,27.65
lacu turcului,44.766667,26.216667
lada,44.316667,25.2
ladauti,45.716667,26.083333
ladesti,44.883333,24.05
la duliba,46.983333,27.016667
la hagieni,47.05,27.116667
laicai,45.166667,25.216667
lalanc,46.066667,22.016667
lalesti,46.483333,27.416667
lalosiu,44.55,24.016667
lamaseni,47.483333,26.233333
la moara,45.633333,24.3
lamotesti-galbinasi,44.316667,26.4
lamotesti,45.65,27.25
lampirt,47.316667,22.85
lancram,45.983333,23.55
langa,44.366667,23.966667
langesti,44.7,24.766667
la oasa,46.5,22.983333
la obarse,46.116667,23.883333
la patrut,46.133333,24.05
la perlazu,44.771667,22.685833
laposelu,45.15,26.383333
lapos,46.4,26.45
laposnya,46.766667,25.216667
laposu,45.15,26.416667
lapugiu de jos,45.883333,22.483333
lapugiu de sus,45.85,22.483333
lapusel,47.616667,23.483333
lapusesti,46.7,23.183333
lapusnicel,44.983056,22.226944
lapusnic,45.916667,22.616667
lapusnicul-mare,44.913056,21.944167
la rat,46.266667,22.883333
larga,46.35,26.533333
larga,47.45,24.116667
larga,46.783333,23.85
larga,47.316667,27.383333
larga,44.766667,23.066667
largasenii,46.2,27.283333
largu,44.966667,27.15
largu,47.1,25.983333
larguta,46.483333,26.816667
larsa,46.75,24.166667
la saratura,46.133333,23.816667
lasau,45.916667,22.5
lascar catargiu,45.5,27.816667
lascar catargiu,45.316667,28.8
laschia,47.533333,23.733333
lascud,46.383333,24.35
la secatura,46.916667,22.583333
laslaul mare,46.383333,24.533333
laslaul-mic,46.366667,24.55
laslea,46.216667,24.65
lasmahale,44.116667,28.6
la stangoi,46.266667,22.9
lastuni,45.6,26.883333
lateni,44.533333,27.9
latesti,46.183333,27.983333
latinu,45.4,27.683333
launele de sus,44.933333,24.483333
launele,44.816667,24.4
laura,47.933333,25.583333
laureni,46.533333,24.716667
la veruc,44.883333,21.716667
lazarea,46.75,25.533333
lazareni,46.866667,22.066667
lazarestii,44.833333,24.75
lazaresti,44.716667,24.633333
lazaresti,46.2,25.95
lazaresti,45.133333,23.383333
lazaresti,45.166667,25
lazar,47.85,22.866667
lazesti,46.416667,22.916667
laz,45.866667,23.583333
laz,45.866667,21.616667
lazu baciului,47.883333,23.933333
lazu,44.3,23.55
lazul,45.033333,23.466667
lazuri,44.883333,25.55
leahu-nacu,47.5,27
leamna de jos,44.316667,23.716667
leamna de sus,44.3,23.7
leca ungureni,46.533333,27.116667
lechincioara,46.666667,24.416667
lechinta de mures,46.466667,24.233333
lechinta,47.016667,24.35
lechinta,47.933333,23.3
leculesti,45.083333,23.783333
lecuseni,47.016667,26.85
leczfalva,45.85,26.016667
lefaia,46.733333,24.55
lefestii,44.283333,25.283333
leghea,46.85,23.2
legii,46.85,24.05
lehacca,46.2,27.333333
lehecseny,46.45,22.516667
lehliul,44.466667,26.816667
lehnesti,47.883333,27.2
leicesti,45.1,24.85
leiculesti,45.183333,26.583333
lela,47.066667,26.566667
leleasca,44.783333,24.433333
leleiu,47.383333,23.066667
lelesd,46.616667,22.45
lelese,45.733333,22.7
lelesti,47.216667,23.95
lelesti,45.1,23.2
lemmu,47.35,23.483333
lentea,44.983333,25.1
leorda,46.433333,26.433333
leorda,47.816667,26.45
leorda,44.866667,22.983333
leordeasa,44.5,23.416667
leordeni,44.783333,25.116667
leordeni,46.466667,24.483333
leordeni,44.383333,26.216667
leordisu,47.333333,26.583333
leorint,46.25,23.733333
leorint-saulia,46.633333,24.2
leorzeni,46.433333,26.333333
leostii,46.65,27.95
leosti,46.609444,28.075278
leotesti,44.366667,24.15
lepindea,46.316667,24.466667
lepsa,45.95,26.566667
lera,45.333333,26.233333
leresti,45.333333,25.066667
leresti-pielcani,44.816667,24.533333
lescovita,44.87,21.543333
lesile,44.633333,25.15
lesile,44.6,26.283333
les,46.95,21.85
lesmir,47.25,22.566667
lesnic,45.916667,22.733333
lespedea,47.85,24.366667
lespedea,45.05,23.883333
lespezile,46.166667,27.233333
lespezile,45.116667,24.383333
lespezi,44.016667,27.816667
lespezi,47.366667,26.7
lesu,47.316667,24.75
letca,47.333333,23.45
letcana,46.716667,26.733333
letcani,47.183333,27.416667
letca noua,44.235556,25.738889
letca veche,44.199167,25.683333
letea,45.3,29.516667
letea veche,46.55,26.95
leucesti,45.183333,24.5
leucusesti,45.833333,22.016667
leucusesti,47.433333,26.366667
leu de sus,44.2,23.966667
leu,44.183333,24
liban,46.666667,25.55
libertatea,47.633333,27.283333
liborajdea,44.720278,21.771667
libotin,47.516667,23.966667
licari,45.45,26.566667
licuriciu-de-jos,44.916667,23.616667
licuriciu de sus,44.95,23.616667
licuriciu,44.1,25.183333
lieblig,45.5775,21.321667
liescii,46.1,27.433333
lieste,45.616667,27.516667
liget,45.6,21.216667
lihulesti,44.983333,23.666667
liiceni,44.116667,24.283333
liliac,46.783333,26.816667
lilieci,46.633333,26.866667
lilieci,44.4,26.433333
liliesti,45.033333,25.883333
limbaesti,46.466667,27.683333
limba,46.033333,23.6
limpezis,44.95,26.7
lindenfeld,45.316667,22.116667
linea zisului,44.983333,24.766667
linesti,44.716667,24.316667
lingurari,46.633333,26.733333
lingurari,47.616667,26.766667
lingurari,47.116667,26.516667
lingurari,47.383333,26.566667
lingurari,46.6,27.433333
lingurari,45.883333,27.216667
linia costei,44.283333,25.316667
linia dealului,44.783333,24.05
linia de jos,44.933333,22.9
linia de sus,44.840556,22.666389
linia din vale,44.466667,24.333333
linia hanului,44.966667,24.383333
linia,44.916667,23.833333
linia,45.066667,24.416667
linia mare,44.666667,24.45
linsesti,46.816667,27.133333
lipanesti,45.05,26.016667
lipanesti,44.85,26.9
lipau,47.716667,23.133333
lipia,44.783333,24.716667
lipia,45.15,26.733333
lipia,44.716667,26.25
lipieni,45.266667,26.75
lipnita,44.1,27.6
lipova,46.083333,21.7
lipova,46.716667,27.233333
lipovat,46.566667,27.7
lipoveni,47.733333,26.233333
lipovu de sus,44.116667,23.616667
lipovu,44.1,23.633333
lisa,45.716667,24.85
lisa,44.35,24.533333
lisa,43.8,25.133333
lisaura,47.633333,26.3
liscoteanca-caramidari,45.016667,27.566667
lisna,48.1,26.466667
lisnau,45.783333,25.883333
lisnau vale,45.766667,25.933333
listeava,43.833333,23.916667
lita,46.633333,23.466667
lita,43.8,24.816667
lita ungureasca,46.616667,23.45
litca,47.05,26.966667
litcov,45.05,29.35
liteni,47.3,27.05
liteni,47.566667,26.2
livada colonia,47.866667,23.116667
livada de bihor,47,21.883333
livada,45.383333,26.916667
livada,46.566667,23.583333
livada,47.866667,23.133333
livada,46.2,26.85
livada,45.766667,26.916667
livada mica,45.4,26.916667
livadea,45.183333,25.916667
livadia-de-camp,45.483333,23.133333
livazeni,45.383333,23.383333
livedea,44.6,26.416667
livenii noi,48.066667,27.066667
livenii sat,48.05,27.066667
livenii vechi,48.05,27.083333
livezei,44.233333,23.783333
livezeni,45.033333,24.983333
livezile,45.233333,26.666667
livezile,45.387222,21.055278
livezi,46.4,26.733333
livezi,46.516667,25.85
livezi,44.85,23.816667
livezi-vale,46.416667,26.733333
loamnas,45.933333,24.1
locodeni,46.233333,25.35
locusteni,43.983333,24
lodroman,46.116667,24.066667
logig,46.883333,24.566667
logresti birnici,44.866667,23.716667
logresti,44.9,23.7
lojnita,45.566667,26.833333
loloiasca,44.966667,26.283333
loman,45.85,23.55
lopadea noua,46.283333,23.816667
lopadea veche,46.366667,23.666667
lopadnita,45.183333,26.216667
lopatareasa,45.533333,26.666667
lopatari,44.3,26.8
lorandium,45.968056,20.770278
loraul,46.916667,22.65
lotosi,44.9,24.883333
loturi,48.033333,27.05
lover,46.85,24.716667
lovnic,45.983333,25.016667
lozia,47.016667,26.566667
lozinca,46.483333,27.25
lozna,45.6,22.366667
lozna,47.316667,23.466667
loznicioara,45.55,22.466667
lozova,45.45,27.8
lubirnea,45.716667,23.183333
lucacesti,46.483333,26.483333
lucacesti,47.533333,23.333333
lucacesti,47.533333,26.116667
luceanca,44.683333,25.883333
luceni,44.966667,26.966667
luceni,47.283333,27.6
lucieni,45.133333,25.1
luciul,44.966667,27.083333
luciul,44.75,27.733333
ludaneasa,44.0025,25.578889
ludasi,46.616667,26.566667
ludesti,44.866667,25.233333
ludisor,45.766667,24.883333
ludos,45.916667,23.9
ludovita,44.988889,22.0475
ludu,44.966667,22.816667
lugasu de jos,47.066667,22.35
lugasu de sus,47.083333,22.35
lugojel,45.666667,21.966667
lugoskisfalu,45.640556,21.892778
luguzau,46.333333,21.933333
luhei,47.85,24.5
luica,44.233333,26.583333
luizi-calugara,46.533333,26.833333
luizoaia,47.766667,26.633333
lumina,45.066667,29.45
luminile,45.033333,24.55
luminisu,47.366667,23.616667
luminita,44.366667,28.633333
lumnic,44.633333,23.016667
lumnicu de sus,44.633333,23
luna de jos,46.95,23.75
luna de sus,46.733333,23.433333
luna,47.866667,23.433333
lunca ampoita,46.133333,23.383333
lunca banului,44.616667,23.25
lunca banului,46.595,28.168333
lunca bontului,47.033333,23.983333
lunca borlesei,47.3,24.15
lunca bradului,46.95,25.1
lunca cernii de jos,45.633333,22.616667
lunca cernii de sus,45.633333,22.583333
lunca cilnicului,45.766667,25.766667
lunca corbului,44.7,24.75
lunca de jos,46.416667,26.45
lunca de jos,45.45,23.383333
lunca dochiei,46.116667,27.066667
lunca gantei,45.433333,26.75
lunca gartii,45.283333,25.15
lunca gistei,47.216667,25.75
lunca grajduri,46.916667,27.566667
lunca ilvei,47.366667,24.983333
lunca jaristei,45.466667,26.233333
lunca larga,46.516667,23.433333
lunca la tisa,47.966667,24.066667
lunca lui buta,45.4,24
lunca,44.65,24.633333
lunca,46.516667,22.466667
lunca,47.016667,24.683333
lunca,47.616667,26.983333
lunca,44.966667,26.633333
lunca,46.55,23.583333
lunca,45.05,25.266667
lunca,45.95,27.883333
lunca,46.85,24.566667
lunca,46.1,24.066667
lunca,47.516667,26.35
lunca,45.05,24.15
lunca,45.8,26.783333
lunca,43.833333,24.766667
lunca mare,45.183333,23.383333
lunca mare,45.2,25.75
lunca metesului,46.133333,23.366667
lunca murei,45.366667,26.766667
lunca muresului,46.433333,23.9
lunca negoiului,45.6,22.75
luncani de sus,45.733333,22.3
luncanii de jos,45.716667,22.316667
luncani,45.633333,23.166667
luncani,46.6,26.75
luncani,46.466667,23.95
lunca noua,46.527222,28.173611
lunca ozunului,45.8,25.85
lunca petrisorului,45.316667,26.866667
lunca prahovei,45.05,25.766667
luncasi,45.283333,26.866667
luncasi,47.116667,26.8
luncasprie,46.85,22.316667
lunca teuzului,46.516667,21.933333
lunca tirnavei,46.216667,23.983333
lunca visagului,46.816667,22.766667
lunca viscului,45.466667,26.366667
luncavita,45.083333,22.266667
lunceni,45.216667,26.633333
luncile,45.5,26.533333
luncile,45.566667,26.816667
luncoiu de jos,46.1,22.766667
luncoiu de sus,46.066667,22.816667
luncsoara,46.066667,22.7
luncsorul,44.416667,23.95
luncusoara,47.6,26.366667
lunga,46.033333,26.216667
lunga,47.383333,25.583333
lungani,44.766667,24.65
lungani,47.183333,27.15
lungeni,44.05,28.4
lungeni,47.25,25.716667
lungestii fagetului,46.5,23.533333
lungestii surducului,46.516667,23.566667
lungesti,45.316667,26.483333
lungesti,44.566667,24.183333
lungesti,46.1,27.75
lungoci,45.566667,27.516667
lungulesti,44.883333,24.616667
lunguletul,44.616667,25.65
lupac,45.28,21.812778
lupaesti,46.4,22.9
lupancesti,44.05,24.116667
luparia,44.75,26.1
luparia,47.366667,26.883333
luparia trestieni,47.5,27.016667
lupcin,47.833333,25.25
lupeasca,44.4,26.05
lupele,45.616667,27.8
lupesti,45.15,23.716667
lupesti,46.183333,27.866667
lupoaia,46.8,22.133333
lupoaia,44.817778,22.948056
lupoaia,47.183333,23.266667
lupoaia,44.866667,24.133333
lupoita,44.85,22.95
lupsa de jos,44.731389,23
lupsa de sus,44.732778,22.945556
lupsa,45.933333,25.3
lupsanul,44.383333,26.9
luptesti,46.283333,22.816667
lupueni,44.883333,24.716667
lupulesti,45.083333,24
lupul,46.1,23.966667
lusca,47.283333,24.416667
luta,45.8,24.9
lutca,46.966667,26.966667
macai,44.966667,24.516667
macaresti,47.033333,27.966667
macaul,46.833333,23.3
macea,46.383333,21.3
macea,44.516667,23.383333
macedonia,45.516667,21.066667
macelarul,44.35,26.566667
macesiu-de-jos,43.883333,23.716667
macesiu-de-sus,43.916667,23.7
macesti,44.788889,21.608611
macesul,44.933333,23.466667
maceu,45.666667,22.983333
macicasiu,46.9,23.566667
macin,45.25,28.15
maciova,45.516667,22.2
maciseni,45.85,27.75
maciuca,44.75,24.016667
maciuceni,44.766667,24.016667
macoviste,44.947778,21.657222
macresti,46.883333,27.533333
macresti,46.816667,27.583333
macrina,45.383333,27.2
mada,45.983333,23.133333
madaras,46.833333,21.683333
madaras,46.5,25.75
madaras,47.683333,22.85
madarjesti,47.2,27.133333
madarsak,46.2,22.3
maderat,46.3,21.716667
madulari-cernisoara,45.033333,24
maeriste,47.316667,22.8
magarei,46.05,24.516667
magazia,47.1,26.25
magazia,46.533333,27.333333
mageru,44.653056,22.630556
magesti,47.016667,22.45
magesti,45.116667,23.916667
magharus,46.933333,22.583333
maghera,47.866667,26.3
magherani,46.566667,24.9
magherestii din deal,45.083333,23.55
magherestii din vale,45.083333,23.516667
magherus,45.783333,25.916667
magherus,46.316667,24.683333
maghiarat,46.05,23.816667
magina,46.35,23.65
magiresti,46.516667,26.55
magla,46.7,26.95
maglavit,44.033333,23.1
mag,45.816667,23.95
magoaja,47.35,23.866667
magura-bela,45.133333,25.466667
magura cu liliac,44.133333,25.066667
magura ilvei,47.383333,24.8
magura-laceanca,44.033333,25.4
magura,45.533333,25.283333
magura,45.266667,26.583333
magura,45.383333,21.8
magura,47.316667,23.7
magura,45.116667,23.75
magura,44.383333,24.55
magura,45,24.25
magura,45.6,26.733333
magura,45.116667,25.683333
maguran,46.983333,22.6
magura toplita,45.966667,22.916667
magureanu,46.166667,22.566667
magurelele,45.1,26.033333
magurele,47.016667,24.5
magurele,44.27,22.946944
magurele,43.75,24.883333
magureni,45.683333,23.333333
magureni,44.783333,27.966667
magureni,47.483333,23.75
magureni,44.183333,27.366667
magureni,45.066667,25.733333
maguricea,45.283333,26.4
magyarapaca,45.416667,21.266667
magyarmedves,45.683333,21.3
magyarpecska,46.166667,21.066667
magyarszentmarton,45.636111,20.909167
mahaceni,46.45,23.75
mahala,47.2,26.366667
mahalaua caselor,44.95,24.133333
mahalaua ghitulesti,45.066667,23.983333
mahalaua,44.333333,23.666667
mahalaua malul,45.25,24.966667
mahalaua marinei,45.133333,24.666667
mahalaua procopoaelor,44.783333,24.233333
mahalaua serbilor,44.916667,25.483333
mahal,46.983333,24.033333
mahmudia,45.083333,29.083333
mahomencea,44.75,28.283333
mahomercea,44.1,28.466667
mahriu,45.666667,26.95
maiad,46.516667,24.716667
maiag,44.633333,23.583333
maia,47.15,23.733333
maia,46.583333,24.85
maia,44.733333,26.4
maidan,47.666667,26.833333
maier,47.4,24.75
maierus,45.9,25.533333
mailat,46.033333,21.1
maimesti,47.266667,27.5
maineasca,44.583333,26.35
mainestii,44.333333,24.1
maksa,45.866667,25.966667
maladia,47.3,22.733333
malaesti corbu,46.45,27.966667
malaesti de jos,45.1,25.983333
malaesti de sus,45.116667,26
malaesti,45.283333,26.75
malaesti,44.466667,23.75
malaesti,47.35,27.3
malaesti,45.483333,22.95
malaesti,44.866667,26.116667
malaetu,44.966667,24.183333
malaia,45.35,24.033333
malaica,44.083333,23.666667
malamuc,44.783333,26.283333
malancrav,46.1,24.633333
malarisca,44.887778,22.569722
malcoci,45.133333,28.883333
maldaeni,44.116667,24.933333
maldarestii,46.216667,27.283333
maldaresti,47.533333,26.6
maldaresti,44.783333,24.033333
malea,45.416667,23.4
malini,47.45,26.1
malini,45.3,25.033333
malin,47.116667,24.15
mal,47.066667,22.816667
mal,45.5,22.383333
malnas,46.016667,25.833333
malomfalva,46.483333,24.433333
malosu,46.733333,27.183333
malovacu,44.704444,22.731111
maltezii,44.416667,27.883333
malu alb,45.816667,27.466667
malu alb,45.133333,24.383333
malu alb,45.35,26.333333
malu cu flori,45.15,25.2
malul,44.933333,24.35
malul,43.816667,25.8
malul mare,44.233333,23.866667
malul mic,44.25,23.85
malul rosu,44.25,24.433333
malul rosu,45.066667,26.316667
malul-spart,44.442222,25.714722
malul vanat,44.983333,24.733333
malul vartop,45.166667,24.316667
malu,46.983333,26.4
malumnicu,44.516667,23.316667
malureni,45.1,24.8
malureni,45.916667,27.283333
malurile,44.9,25.616667
maluri,45.55,27.433333
malu rosu,44.783333,26.566667
malusteni,46.183333,27.916667
malut,47.166667,24.1
malu vanat,45.25,26
mamaia-sat,44.283333,28.616667
mamul,44.683333,24.116667
mamura,44.533333,24.3
manailesti,45.016667,24.133333
manarade,46.133333,23.966667
manasia,44.7,26.666667
manastioara,44.616667,25.416667
manastirea agapia,47.166667,26.233333
manastirea bisericani,46.95,26.233333
manastirea celicdere de maici,45.133333,28.6
manastirea-cernica,44.433333,26.25
manastirea cheia,45.433333,25.933333
manastirea ciorogarla,44.433333,25.866667
manastirea cocosul,45.2,28.416667
manastirea doamnei,47.716667,26.616667
manastirea ghighiul,44.9,26.066667
manastirea gologan,45.75,27.733333
manastirea homorului,47.6,25.866667
manastirea horaita,47.066667,26.283333
manastirea,47.116667,23.933333
manastirea,44.766667,25.316667
manastirea,46.95,27.2
manastirea,46.183333,27.95
manastirea,45.266667,24.316667
manastirea,44.216667,26.9
manastirea-neamt,47.266667,26.2
manastirea ratestii,45.316667,26.633333
manastirea saona,45.216667,28.55
manastirea saracinesti,45.15,24.25
manastirea stanisoara,45.3,24.333333
manastirea surpatele,45.05,24.2
manastirea-suzana,45.383333,25.916667
manastirea topolnica,44.756389,22.6225
manastirea uspenia,44.833333,28.566667
manastirea-vorona,47.583333,26.65
manastire,45.416667,21.333333
manastireni,46.766667,23.083333
manastireni,47.833333,26.75
manastireni,45.016667,24.183333
manastire predeal,45.5,25.566667
manastiur,45.816667,22.066667
manasturel,47.166667,23.95
manastur,46.016667,21.133333
manau,47.483333,23.266667
manciulescu,44.416667,26.516667
mandra,45.816667,25.05
mandra,45.916667,24.066667
mandra,44.833333,28.416667
mandra,43.916667,24.7
mandresti,47.733333,26.483333
mandresti,45.883333,27.7
mandresti,45.683333,27.25
mandresti-noui,45.683333,27.233333
mandrisca,46.25,27.05
mandruloc,46.15,21.466667
manecia-ungureni,45.316667,25.983333
maneciul pamanteni,45.283333,26
manerau,46.416667,21.983333
manerau,45.783333,22.883333
manestii,44.966667,25.283333
manestii,45.216667,24.933333
manesti,45,24.766667
manesti,45.483333,26.683333
manesti,44.983333,24.516667
manesti,44.866667,25.85
maneuti,47.9,25.933333
mangalia,43.8,28.583333
manga,45.066667,25.266667
mangureni,45.016667,24.45
manicea,44.75,23.866667
manicesti,45.016667,24.716667
manic,46.966667,24.2
maniom,45.35,21.833333
manjesti,47.066667,27.466667
manjesti,46.6,27.8
manoiu,46.483333,27.533333
manolache,44.4,26.25
manolea,47.4,26.466667
manoleasa,47.983333,27.066667
manoleasa-prut,48.016667,27.083333
manolesti,47.75,26.616667
manosiu,44.916667,24.066667
mantul,46.733333,27.933333
manu,44.550556,22.943889
manzatesti,47.183333,27.716667
manzatesti,46.15,27.883333
manzati-razesi,46.433333,27.583333
manzul,45.05,27.033333
maraceni,46.916667,26.083333
maracinele,44.166667,23.516667
maracineni,45.2,26.8
maracini,45.516667,27.05
maraloi,45.233333,27.366667
marascu,46.416667,27.1
maraseni,46.7,27.666667
marasestii,45.883333,27.233333
marasesti,45.016667,22.733333
marastii,46.016667,26.85
marasul,44.85,27.966667
marca huta,47.216667,22.55
marca,47.216667,22.566667
marcea,44.9,24.233333
marcestii,46.166667,26.9
marcesti,46.716667,23.1
marcesti,44.8,25.716667
marculeni,46.6,24.866667
marcusa,45.916667,26.05
marcusesti,46.283333,22.8
marcus,45.716667,25.866667
mardalele,44.45,24
mardineanu,44.95,26.666667
marefalva,46.333333,25.366667
mares,44.783333,24.783333
marga,45.5,22.516667
marga,44.816667,22.583333
margareta,43.916667,25.1
margaritesti de sus,44.3,24.15
margau,46.75,22.966667
margheni,44.333333,24.35
marghia-de jos,44.683333,24.716667
marghia-de sus,44.7,24.7
marghita,47.35,22.333333
margina,45.85,22.266667
margina,47.1,26.55
margina,46.333333,27.2
marginea,46.166667,22.983333
marginea,46.733333,26.716667
marginea,47.85,26.883333
marginea,47.816667,25.816667
marginea,46.216667,26.633333
marginea padurei,45.1,26.416667
margine,47.3,22.416667
margineni-de-sus,44.933333,25.75
marginenii de jos,44.966667,25.75
margineni,45.733333,23.183333
margineni,46.6,26.9
margineni,45.716667,25.05
margineni,46.9,26.633333
margineni,44.533333,24.55
margineni-slobozia,44.516667,24.566667
marija sne,44.846667,21.728333
marinesti,44.683333,23.7
marinesti,45.15,24.15
marin,47.133333,22.816667
marioara,44.35,23.666667
mariselul,47.016667,24.516667
marita,45.133333,23.883333
marita,44.116667,25.216667
marius,47.666667,23.183333
marlogea,45.133333,26.283333
marmanu,44.641944,22.801111
marmurenii,46.816667,27.166667
marna noua,47.65,22.4
marosborgo,47.233333,24.833333
marosfalva,46.65,25.55
marosheviz,46.916667,25.333333
maroskovesd,46.95,24.85
marosliget,46.95,24.816667
marosmonyoro,46.1,22.016667
marosnagyvolgy,46.016667,22.15
marosoroszfalu,46.916667,24.85
marospetres,46.05,22.383333
marosszalatna,46.15,22.183333
marosszeleste,46.033333,22.383333
marosszentgyorgy,46.566667,24.6
marosszentkiraly,46.55,24.5
marostelek,46.683333,24.8
maros-vasarhely,46.55,24.566667
marotinu de jos,44.033333,24.15
marotinu de sus,44.033333,24.083333
marpod,45.866667,24.5
marsa,44.374167,25.556944
marsani,44.016667,24.016667
marsilieni,44.533333,27.083333
martacesti,45.266667,27.8
martalogi,44.5,24.783333
martihaza,46.866667,21.65
martineni,45.916667,26.1
martinesti,46.65,23.683333
martinesti,45.816667,23.133333
martinesti,45.5,27.3
martinovat,44.743889,21.776944
marulin,45.6,25.3
marul,45.466667,22.45
marul,44.9,23.75
maruntei,44.2,24.466667
maruntisul,45,26.283333
maruntisul,44.616667,25.5
marvila,46.3,27.1
marza,44.2,23.483333
marzanesti,43.933333,25.466667
masca,46.3,21.683333
masca,47.9,26.283333
mascateni,47.716667,27.033333
mascatesti,46.966667,26.416667
mascurei,46.35,27.516667
mastacani,45.783333,28.033333
mastacan,46.783333,26.483333
matacina,45.883333,26.8
matalesti,44.7,24.016667
mataraua,44.55,26.45
mataru,45.383333,26.4
matasarii de jos,44.85,23.1
matasari,44.85,23.083333
matasarul,44.716667,25.416667
matasoaia,44.533333,23.9
matau,45.233333,25.083333
matca,45.85,27.533333
mateesti,46.416667,26.7
mateias,46.016667,25.366667
matei basarab,44.238056,25.856944
matei,46.983333,24.266667
matei voevod,44.933333,25.45
matesti,45.216667,26.75
matesti,45.516667,22.983333
matiseni,46.233333,25.166667
matita,45.15,26.15
matnicul mare,45.516667,22.116667
matnicul mic,45.766667,22.183333
matracaua,44.9,25.516667
matracaua,44.633333,25.483333
matrici,46.65,24.9
matura,45.366667,26.383333
maureni,45.403889,21.5025
mavrodin,44.033333,25.25
mavrodin,44.65,25.716667
maxenul,45.066667,26.866667
maxineni,45.4,27.633333
maxinesti,46.933333,26.633333
maxut,47.433333,26.883333
mazanaesti,47.516667,26.083333
mazararu giltofanu,45.016667,24.4
mazili,44.65,24.216667
mebadia,44.900833,22.366944
mecentiu,47.583333,22.616667
mecheaua,44.6,26.033333
medeleni,47.283333,27.666667
medeleni,46.45,27.216667
medgidia,44.25,28.283333
medgyes,46.166667,24.35
mediesu aurit,47.783333,23.15
medinti,45,24.083333
medisa,47.6,23
medisor,46.366667,25.066667
medves,46.3,24.066667
meedcala,45.25,26.133333
meenii,44.966667,24.116667
mefocul,44.85,24.716667
megesti,45.1,23.85
megyes,46.516667,22
mehadica,45.033333,22.266667
mehedinta,45.1,26.183333
mehtelek,47.9,22.9
meidanchioi,45.1,28.483333
meisoarele,45.2,25.266667
melcesti,45.166667,25.133333
meletie,44.05,26.083333
meletin,47.483333,27.066667
melicesti,45.166667,25.833333
melinesti,44.566667,23.716667
menasag pottyond,46.35,25.95
menes,46.133333,21.6
mensafalva,46.916667,24.833333
mentii din dos,44.683333,23.233333
mentii din fata,44.666667,23.166667
menyed,46.416667,22.183333
menyhaza,46.45,22.25
merag,46.6,22.366667
mera,46.816667,23.45
mera,45.766667,26.95
mercheasa,46.066667,25.333333
mercina,45.058611,21.540556
mercurea-bai,45.916667,23.75
mercurea nirajului,46.533333,24.8
merei,45.133333,26.683333
merei vintila voda,45.45,26.733333
mereni-de-jos,44.229444,25.64
mereni-de-sus,44.225556,25.6175
mereni,44.733333,24.6
mereni,47.666667,26.333333
mereni,44.65,25.566667
meresti,47.55,26.4
merfulesti,44.95,23.35
merghindeal,45.966667,24.733333
meria,45.65,22.633333
meria,46.083333,27.9
mericeana,44.616667,23.65
merii-cojocaru,44.7,25.35
merii-goala,44.1,25.05
merii,44.833333,26.3
merii petchii,44.75,26.3
merisanca,44.616667,26.233333
merisanii,44.966667,24.733333
merisani,44.25,24.866667
meris,44.65,25.5
merisorii,45.183333,23.266667
merisor,45.45,23.233333
merisor,47.666667,23.4
merisor,46.7,24.55
merisoru de munte,45.816667,22.666667
merisoru,45.133333,25.516667
merisul,44.783333,22.966667
mermecs,46.316667,22.566667
mescreac,46.266667,23.733333
mesendorf,46.083333,24.983333
mesentea,46.2,23.6
mesteacan,47.633333,26.583333
mesteacan,47.383333,23.516667
mesteacan,47.883333,26.283333
mesteacan,46.833333,27.016667
mesteacan,45.183333,25.166667
mesteacanul,46.966667,23.033333
mesteacanu,45.933333,26.833333
mestecanis,47.466667,25.333333
mesteceni,47.4,26.416667
meteleul,44.85,26.916667
meteu,44.533333,23.616667
metisdorf,46.016667,24.4
mezes,46.65,22.4
meziad,46.733333,22.433333
mezomojos,46.683333,24.533333
mezopanit,46.55,24.466667
mezorucs,46.683333,24.4
mezoszabad,46.616667,24.533333
mezoszakal,46.783333,24.516667
mezoszentandras,46.8,24.6
mica,44.883333,24.75
mica,47.133333,23.933333
mica,46.366667,24.416667
micasasa,46.083333,24.116667
micestii-de-campie,46.866667,24.316667
micesti,46.1,23.55
micfalau,46.05,25.833333
miclauseni,47.933333,26.5
miclauseni,47.1,26.916667
miclesti,46.266667,23.266667
miclesti,46.816667,27.833333
miclosanii mare,45.133333,25.25
miclosanii mici,45.15,25.233333
miclosoara,46.016667,25.566667
micoslaca,46.366667,23.783333
micsunestii-moara,44.7,26.316667
micsunesti,46.9,26.7
micula colonia,47.9,22.95
miculesti,44.166667,23.866667
miculesti,45.1,25.1
mielusei,44.666667,23.666667
mierea,45.216667,26.65
mierlari,44.333333,26.066667
mierlau,46.916667,22.016667
mierlestii de sus,44.4,24.55
mierlicesti,44.733333,24.45
miersig,46.883333,21.85
mierta,47,23.183333
miesti,44.65,24.416667
mighindoala,46,24.283333
mihaeni,47.55,22.733333
mihaesti-de-sus,44.133333,24.783333
mihaesti,46.916667,23.416667
mihaesti,45.883333,22.55
mihaesti,47.516667,26.216667
mihai-bravul,44.783333,27.733333
mihai bravul,44.140556,26.062778
mihai bravu,47.25,21.95
mihail-cogalniceanu,46.793889,28.065556
mihaileni,46.183333,22.9
mihaileni,45.983333,24.35
mihaileni,47.966667,26.15
mihaileni,45.45,27.3
mihailestii de sus,44.326667,25.908333
mihailesti,44.916667,26.666667
mihaita,44.4,23.666667
mihaiu viteazul,44.633333,28.683333
mihaiu viteazul,46.15,25.016667
mihai-viteazul,44.35,27.066667
mihai voda,44.44,25.816111
mihalasceni,47.883333,27.066667
mihalau,46.816667,22.066667
mihoveni,47.683333,26.166667
mijarca,44.573056,22.900556
mijlocenii bargaului,47.216667,24.666667
mijlocul,44.8,24.483333
mijlocul,44.483333,24.616667
mikafalva,46.066667,22.466667
miklosfalva,46.233333,25.25
mikofalva,46.433333,22.233333
milasel,46.733333,24.45
milcoiul,45.05,24.466667
milcovatu,44.265556,25.695833
milcoveni,45,21.45
milcoveni,44.433333,24.716667
milcovu din deal,44.4,24.383333
milcovu din vale,44.4,24.366667
mileanca,48.083333,26.7
mileni,44.439167,22.608889
milesauti,47.783333,26
milesti-de jos,46.466667,27.066667
militari,44.433333,26.016667
milosesti,44.733333,27.233333
milosesti,44.209444,26.373889
milotina,44.366667,26.75
milova,46.116667,21.8
milovan,44.366667,23.55
milrofa,44.733333,24.216667
miluani,47.016667,23.333333
miluta,44.7,23.166667
mina sarmasag,47.35,22.833333
minastioara,47.483333,26.4
minastirea cotesti,45.633333,27.05
minastirea dealului,44.966667,25.466667
minastirea durau,47.033333,25.95
minastirea,45.466667,26.733333
minastirea pasarea,44.466667,26.316667
minastirea valeni,45.266667,24.55
minastirea zamfira,45.066667,26
minasturu rominesc,46.733333,23.1
minciunesti,45.133333,23.733333
minciunesti,45.183333,25.216667
mindra,44.25,24.783333
mineul,47.35,23.1
minieri,45,25.733333
miningeni,47.916667,26.133333
mintia,45.933333,22.85
mintiu gherlii,47.05,23.95
mintiul,47.233333,24.366667
mioarele,45.25,24.65
mionesti,44.169167,26.244167
miorcani,48.2,26.85
miorica,45.5,26.666667
miraslau,46.366667,23.716667
miraul,44.138889,25.861111
mirauseni,46.75,26.55
mircea cel batrin,44.716667,27.1
mircea,45.366667,26.666667
mircea voda-gara,44.266667,28.133333
mircea voda,45.05,28.383333
mircea voda,44.216667,27.3
mircea voda,45.116667,27.383333
mircestii noi,45.75,27.25
mircestii vechi,45.75,27.283333
mircesti,44.683333,24.616667
mircesti,46.85,26.866667
mircesti,44.133333,27.8
mircesti,47.083333,26.833333
mirenasi,46.366667,27.433333
mireni,46.316667,27.483333
mires,47.266667,24.233333
miresu de jos,45.133333,26.366667
miresul-mare,47.5,23.333333
miron costin,47.933333,26.883333
miron costin,46.916667,26.816667
miron,47.483333,26.016667
mirosi miluiti,44.966667,26.616667
mirosi,44.416667,24.933333
miroslava,47.15,27.516667
miroslavesti,47.15,26.65
miroslavesti,44.8,26.083333
mirosloveni,45.033333,23.583333
mirsa,45.716667,24.366667
mirsid,47.233333,23.133333
mirtesti,44.716667,24.75
misca,47.266667,22.266667
mischii,44.383333,23.85
misica,47.8,24.466667
misihanesti,46.733333,27.133333
mislea,44.866667,25.333333
mislea,45.083333,25.816667
misleanul,44.566667,27.216667
misleanu,44.433333,27.9
miszbanya,47.733333,23.45
mitesti,47.1,26.633333
mititei,47.283333,24.316667
mitocas,47.75,26.25
mitoc,47.466667,27.233333
mitocu balan,47.116667,26.166667
mitocu dragomirnei,47.733333,26.25
mitocu,47.833333,26.433333
mitreni,44.166667,26.6
mitresti,46.583333,24.8
mitropolia,44.683333,26.066667
mitropolia,44.3,26.016667
miulesti,44.6,25.516667
mizil,45.016667,26.45
mlacele,45.35,26.35
mlaceni,45.383333,24.433333
mlacile,45.266667,24.983333
mlajet,45.383333,26.333333
mlecanesti,44.383333,23.866667
moara banffy,47.5,22.55
moara carp,47.566667,26.233333
moara conache,46.466667,27.216667
moara crovului,44.583333,25.516667
moara din groapa,44.533333,25.466667
moara domneasca,44.85,26.15
moara domneasca,46.716667,27.75
moara domneasca,44.483333,26.25
moara enica,45.283333,26.25
moara grecilor,46.666667,27.75
moara jorii,47.883333,27.016667
moara,44.833333,26.066667
moara mocanului,44.766667,25.133333
moara noua,44.316667,26.433333
moara noua,44.716667,25.6
moara saraca,44.633333,26.216667
moara ungurului,45.683333,22.85
moardas,46.016667,24.35
mocanari,43.933333,24.6
mocani,46.733333,26.7
mocani,45.4,26.883333
moceris,44.887222,21.923611
mocesti,46.566667,22.5
mocira,47.616667,23.533333
mocirla,47.316667,22.95
mocod,47.266667,24.3
mocrea,46.383333,21.816667
model,44.2,27.383333
modoia,44.966667,24.066667
modruzenii,45.9,27.216667
moeciu de sus,45.433333,25.333333
mofleni,44.3,23.766667
moflesti,44.65,23.75
moftinul-mare,47.666667,22.666667
moftinul mic,47.683333,22.6
moglanesti,46.916667,25.383333
mogosani,44.683333,25.4
mogosani,45.05,23.516667
mogosani,44.983333,22.883333
mogoseni,47.216667,24.25
mogoseni,45.083333,23.2
mogosesti,44.75,24.683333
mogosesti,44.883333,25.383333
mogosesti,47.033333,27.533333
mogosesti,47.583333,23.4
mogosesti,44.566667,24.516667
mogosesti,45.116667,24.15
mogosesti,44.2375,26.109722
mogosesti-siret,47.133333,26.783333
mogos,45.683333,28
mogosoaia,44.529167,26
mogos valea barnii,46.266667,23.333333
mohartarii,45.583333,26.833333
moh,45.733333,24.233333
moiad,47.35,22.8
moigrad,47.2,23.15
moii,44.9,23.216667
moisa,47.333333,26.3
moiseni,47.933333,23.466667
moisesti,44.808333,22.5
moisica,45,26.883333
mojna,46.083333,24.4
molaeni,45.1,25.416667
molani,44.933333,22.85
moldorita ferast,47.683333,25.533333
moldova noua,44.7375,21.666944
moldova sulita,47.683333,25.25
moldova veche,44.725278,21.618056
moldovenesti,46.5,23.65
moldoveni,46.833333,26.766667
moldoveni,43.783333,24.733333
molfanesti,47.016667,27.1
molid halta,47.566667,25.733333
moliset,47.45,24.133333
mologesti,44.533333,24.05
monaila,45.816667,23.483333
monariu,47.066667,24.466667
monaster,45.183333,28.483333
monastirea gavanui,45.55,26.616667
monerfalva,46.966667,24.7
monesti,45.016667,23.333333
monostor tarcau,46.75,26.183333
monteorul,45.133333,26.65
morareni,46.35,25.216667
morareni,46.516667,27.583333
moraresti,44.466667,23.633333
moraresti,45.016667,24.566667
morasti,45.233333,24.5
morau,47,23.7
moravica,45.255833,21.270278
mordana,45.283333,26.233333
moreni,46.416667,26.666667
moreni,44.983333,25.65
moreni,47.083333,27.883333
moreni,44.083333,23.083333
moreni,47.016667,26.733333
moreni,46.516667,27.733333
moreni,45.216667,25.433333
morlaca,46.866667,22.95
morlovesti,44.783333,24.466667
moroda,46.366667,21.766667
moroesti,45.25,25.116667
moroseni,47.316667,25.366667
morotesti,45.116667,27.733333
morughiol,45.033333,29.166667
morunesti,44.483333,24.116667
morunglav,44.466667,24.116667
morut,46.966667,24.266667
moscul,45.9,27.933333
mosestii noi,45.116667,27.133333
mosestii vechi,45.1,27.15
mosesti,45.116667,27.15
mosna,46.916667,27.95
mosna,44.333333,23.366667
mosneni,43.933333,28.533333
mosneni,44.933333,25.183333
mosneni,44.466667,23.7
mosneni,44.816667,26.083333
mosnica,45.717222,21.325278
mosoaia,44.816667,24.766667
mosoarele,46.283333,26.566667
moson,46.566667,24.733333
mosteni-calaraseni,44.007222,25.818056
mosteni-dobrotesti,44.183333,26.016667
mosteni greci,45,25.15
mosteni,44.366667,24.566667
mosteni,43.866667,25.133333
mosztafalva,46.233333,22.266667
motalva,44.633333,27.283333
motate,44.083333,23.2
motca,47.25,26.616667
motesti,44.833333,23.533333
motis,47.433333,23.133333
motisul,46.05,24.35
motnau,45.583333,26.883333
motocesti,46.266667,26.866667
motoci,44.433333,23.833333
motoci,44.633333,23.8
motoc,46.366667,27.1
motoesti,44.716667,24.7
motohani,45.383333,26.883333
motorasti,46.383333,23.05
motorgi,44.966667,23.683333
motoseni,46.333333,27.383333
motrisor,45.066667,22.783333
motrulenii,44.85,22.4
motruleni,44.666667,23.2
motru,44.803333,22.971944
moveleni-barbosi,45.4,27.95
movila gildaului,44.55,27.7
movila miresei,45.216667,27.6
movila,47.833333,26.766667
movila,44.683333,25.966667
movila oii,45.033333,27.066667
movila rupta,47.916667,27.166667
movila vulpii,45.033333,25.9
movileanca,44.783333,26.316667
movilele,44.816667,27.25
movileni-de-jos,45.75,27.366667
movileni de sus,45.766667,27.35
movilenii,47.316667,27.35
movilenii,46.266667,27.516667
movilita,45.1,27.066667
movilita,44.65,26.483333
movilita veche,44.633333,26.483333
mozaceni,44.566667,25.166667
mucesti-danulesti,45.516667,26.933333
muchea,45.333333,27.8
mucheni,45.316667,27.85
mucuroaia,45.066667,28.133333
muerau,46.6,23.566667
muereasca de sus,45.2,24.316667
muereni,44.5,23.766667
muhlbach,45.966667,23.566667
muierusul,44.566667,23.683333
mujna,46.2,25.15
munar,46.1,21.016667
muncei,45.85,26.683333
muncel,46.366667,23.25
muncel,47.25,23.766667
muncel,47.233333,23.4
muncelu de sus,47.116667,26.733333
muncelu durei,46.866667,26.966667
muncelul-mare,45.816667,22.683333
muncelul mic,45.85,22.733333
muncelul,45.95,27.016667
muncelu,46.266667,27.35
mungesti,44.783333,24.35
muntele cacovei,46.55,23.35
muntele filii,46.583333,23.4
muntele mic,45.383333,22.333333
muntele sacelului,46.6,23.4
muntele victoria,45.1,28.183333
muntenesti,46.766667,27.533333
munteni buzau,44.633333,26.983333
munteni gheraesti,47.016667,26.766667
muntenii de jos,46.616667,27.766667
muntenii de sus,46.7,27.766667
muntenii,45.933333,27.433333
munteni,46.9,22.683333
munteni,44.4,23.85
munteni,45.016667,24.25
mununa,46.466667,22.833333
mura mare,46.65,24.783333
murani,45.916667,21.3
muratan,43.983333,28.5
muraturile,45.316667,26.316667
mureni,46.233333,24.983333
mureseni,46.516667,24.516667
murgasi,44.5,23.866667
murgenii targ,46.204444,28.019722
murgesti,44.716667,23.366667
murgesti,46.483333,24.65
murguta,47.816667,27.15
murta,43.983333,23.95
musari,46.066667,22.75
musata,46.434444,28.093889
musca,46.366667,23.166667
muscel,45.283333,26.716667
muscelui,45.233333,25.483333
muscelusa,45.483333,26.266667
muscelu tigani,45.3,26.416667
musculesti,44.833333,23.5
musetesti,45.216667,24.783333
mustatesti,45.2,24.683333
musuroiu,46.083333,22.583333
muti,44.2,25.016667
nadab,46.483333,21.516667
nadalbest,46.45,22.2
nadanova,44.943611,22.666944
nadar,47.2,22.183333
nadaselul,46.816667,23.416667
nadas,46.216667,21.95
nadastia de jos,45.716667,22.966667
nadastia de sus,45.7,22.933333
nadastia,46.083333,23.133333
nadasul,46.85,23.15
nades,46.316667,24.733333
nades,47.383333,23.166667
nades,45.987778,20.6575
nadisa,46.516667,26.7
nadisu-hododului,47.4,23
nadlac,46.166667,20.75
nadrag,45.65,22.183333
naeni,45.1,26.483333
naghirez,46.933333,25.733333
nagyatak,45.766667,26
nagygalambfalva,46.266667,25.133333
nagysajo,47.016667,24.6
nagysolymos,46.35,24.916667
nagyszalonta,46.8,21.65
nagyszilas,45.616667,21.616667
nagytereme,46.45,24.5
naida,44.881667,21.588056
naimon,47.316667,23.116667
naimon,46.816667,27.15
naipul,44.152778,25.759167
nalativad,45.583333,22.933333
nalband,45.05,28.616667
namaesti,45.3,25.116667
nametele,44.966667,23.7
namoloasa-sat,45.533333,27.583333
nana,44.266667,26.583333
nandra,46.366667,24.066667
nanesti-deal,46.45,27.1
nanesti,45.55,27.5
nanesti,47.833333,24.016667
nanesti-vale,46.483333,27.1
nanov,44,25.3
naoiul,46.766667,24.1
napiros,46.95,25.766667
napradea,47.366667,23.316667
nartescii de jos,46,27.4
nartescii-de sus,46.016667,27.4
naruja,45.833333,26.783333
nasal,46.95,24.116667
nasaud,47.283333,24.4
nasna,46.533333,24.5
nasoesti,46.533333,26.7
nastase,47.85,27.133333
nastaseni,46.483333,27.183333
nastradin,44.05,27.866667
nasturelul,43.666667,25.466667
natarai,44.233333,24.883333
navrapesti,47.166667,26.65
nazarioaia,46.366667,27.25
nazarul,45.3,27.85
naziru nou,45.3,27.816667
neagra brosteni,47.233333,25.683333
neagra de sus,46.433333,22.766667
neagra,46.966667,25.166667
neagra,46.883333,25.983333
nearsova,46.833333,23.066667
neatarnarea,44.733333,28.5
nebuna,43.85,23.15
nebuna velea,44.306667,25.743611
nechit,46.766667,26.416667
necopoi,47.683333,23.066667
necrilesti,46.2,23.366667
necsesti,46.383333,23
necsesti,44.25,25.15
neculcea,48.033333,26.716667
nedeia,43.85,23.766667
nedelcu chercea,45.283333,27.95
nedelcul,44.8,27.9
nedelcu,46.2,27.25
nedelea,44.966667,25.816667
nefliu,44.366667,25.983333
negestii,45.016667,24.666667
negesti,46.266667,23.316667
negoescu,47.633333,24.75
negoestii,46.2,26.866667
negoesti,45.033333,23.666667
negoesti,44.533333,23.733333
negoesti,44.883333,25.983333
negoesti,44.233333,26.5
negoiul,43.916667,23.366667
negomiru,44.833333,23.166667
negosina,45.383333,26.616667
negostina,47.933333,26.083333
negraia,44.9,24.116667
negraita,44.883333,24.116667
negrasu,45.316667,25.733333
negreia,47.633333,23.75
negreni-de-sus,44.416667,25.183333
negrenii de cimpie,46.633333,24.333333
negrenii,45,24.916667
negrenii,44.4,25.183333
negreni,46.483333,26.55
negreni,46.95,22.8
negreni,48,26.766667
negreni,47.35,23.55
negreni,44.85,23.633333
negreni,44.566667,24.6
negresti,44.966667,25.066667
negresti,47.866667,27.1
negresti,44.683889,22.785556
negresti,46.833333,27.433333
negrileasa,47.416667,25.816667
negrilesti,46.833333,26.65
negrilesti,44.333333,25.25
negri,46.7,26.966667
negrisoara,44.516667,25.233333
negrulesti,45.133333,24.083333
negrusa,44.821944,22.513056
negulestii,44.866667,24.683333
negulestii,46.233333,27.283333
negulesti,45.183333,25.6
negusenii,46.716667,27.066667
nehoiasi,45.433333,26.283333
nemertea,45.483333,26.4
nemesesti,45.883333,22.316667
nemesi,46.366667,22.883333
nemoiul,44.75,24.166667
nemsa,46.083333,24.433333
nemtari,45.533333,27.033333
nemtisor,47.233333,26.266667
nencilesti,44.033333,25.183333
nenciulestii,45.133333,26.633333
nenciulesti,44.816667,23.916667
nenciu,45.133333,26.733333
nenisori,44.766667,26.566667
nepos,47.283333,24.533333
neppendorf,45.783333,24.116667
nera,44.923889,21.691944
nereju mic,45.7,26.716667
nermed,45.228611,21.8625
nermegy,46.466667,22.083333
neteni,47.016667,24.45
netesti,44.933333,24.366667
netezesti,44.716667,26.316667
netotii de jos,44.233333,25.25
netoti,44.566667,27.3
netus,46.05,24.783333
neuburg an der bega,45.658056,20.905833
neudorf,46.066667,21.616667
neu-petsch,45.606389,21.057778
neu-sankt-peter,46.05,20.85
neusiedel auf der heide,45.911389,20.859167
neu-tohan,45.55,25.383333
neu winga,46.016667,21.2
nevesteasca,45.1,26.2
nevoes,45.966667,22.883333
nican,47.866667,26.216667
nichiteni,48.1,26.866667
nichitoaia,44.35,23.933333
nicolae balcescu,44.45,26.766667
nicolaesti,45.1,25.366667
nicolaesti,45.183333,25.283333
nicoleni,46.333333,25.083333
nicolescu,44.816667,27.833333
nicolesti,44.75,27.216667
nicolesti,44.883333,24.266667
nicolinti,44.95,21.5525
nicopole,45.966667,27.7
nicoresti,45.933333,27.283333
nicovanii mari,44.95,26.183333
nicseni,47.866667,26.633333
nicula,47,23.95
niculescu,44.683333,25.916667
niczkidorf,45.583333,21.533333
nifon,45.15,28.366667
nifon,45.266667,26.55
nigotesti,47.383333,26.433333
nima-catun,47.066667,23.866667
nimaesti,46.683333,22.4
nimigea de jos,47.25,24.3
nires,47.1,23.983333
niscov peste girla,45.216667,26.683333
nisip,45.166667,26.7
nisipoasa,45.016667,26.166667
nisiporesti,47.066667,26.733333
nisipurile,44.916667,25.533333
nisipurile-noi,45.116667,27.216667
nistoiul,44.7,23.733333
nistoresti,45.116667,25.466667
nistoresti,45.066667,23.8
nistoresti,45.833333,26.733333
nistrea,47.083333,27.133333
niteni,46.916667,26.2
niuved,47.233333,21.883333
noa,45.616667,25.633333
noaptesa,44.799722,22.852222
noaptes,45.1,24.65
noistat,46.05,24.8
nojag,45.95,23
nojorid,46.983333,21.883333
norocu,47.816667,25.416667
noroieni,47.883333,22.883333
noslac,46.4,23.933333
notig,47.366667,23.216667
noul,45.833333,24.283333
noul roman,45.8,24.583333
noul-sasesc,46.116667,24.6
novacestii,45.016667,25.766667
novacii-romani,45.166667,23.666667
novacii-straini,45.183333,23.666667
novaci,46.74,28.045278
novaci,44.301389,25.983333
nova-rusova,44.969722,21.520278
novi sopot,44.841944,21.862778
nucestii,44.6,25.566667
nucet-baltesti,45.15,26.1
nucet,46.466667,22.583333
nucet,45.8,24.383333
nucet,44.4,26.9
nucet,44.783333,25.55
nucetu,44.75,23.283333
nuci,44.279722,26.413611
nuci,44.716667,26.3
nucsoara de jos,45.283333,26.116667
nucsoara,45.483333,22.916667
nucsoara,45.333333,24.783333
nucul,45.416667,26.433333
nuseni,47.1,24.2
nusfalau,47.2,22.733333
nyanadselye,46.6,24.916667
nyaradszentandras,46.533333,24.816667
nyaradszentanna,46.516667,24.816667
nyaradto,46.483333,24.466667
oaia,46.45,24.65
oanca,46.05,27.783333
oancea,45.35,27.7
oancea,45.916667,28.1
oantul,46.916667,26.183333
oarba-de-jos,46.033333,23.566667
oarba-de-sus,46.016667,23.6
oarja,44.766667,24.966667
oarta de jos,47.45,23.133333
oarta de sus,47.466667,23.066667
oasele,45.716667,27.833333
obad,45.533333,21.15
obarseni clacasi,46.566667,27.45
obarseni,46.183333,27.833333
obarsia-camp,44.172222,22.98
obarsia-closani,45.016667,22.683333
obarsia noua,43.9,24.316667
obarsia,46.616667,27.183333
obarsia,44.816667,23.766667
obart,44.316667,25.183333
obedeni,44.216667,26.25
obeni,44.866667,24.233333
obersia,46.133333,22.433333
obianda,45.616667,21.7
obilestii,44.366667,26.766667
obilesti,45.55,27.3
obislav,44.566667,25.45
obislavul,44.9,23.8
oblesti,44.783333,24.883333
oboga de jos,44.4,24.1
oboga de mijloc,44.416667,24.1
oboga de sus,44.433333,24.083333
obogeni,44.95,24.383333
oboroceni,47.183333,26.866667
obreja,46.183333,23.766667
obreja,45.483333,22.25
obreja,45.15,23.8
obrejeni,45.1,23.266667
obrejeni,47.15,27.216667
obrejita,45.5,27.083333
ocea,47.166667,26.366667
ochenii,46.283333,27.233333
ochesestii,46.15,27.316667
ochesti,44.383333,25.166667
ochisor,44.483333,23.533333
ochiu boului,45.116667,26.566667
ochiu boului,44.766667,25.916667
ochiuri,46.216667,22.566667
ochiuri,44.933333,25.566667
ocina de sus,45.2,25.6
ociogi,44.316667,24.35
ocisei,46.216667,22.55
ocland,46.166667,25.416667
ocna dej,47.116667,23.85
ocna sibiului,45.883333,24.05
ocna sugatag,47.783333,23.933333
ocnisoara,46.25,23.866667
ocnita,44.983333,25.55
ocnita,46.866667,24.5
ocnita,45.083333,24.266667
ocoale,46.516667,22.816667
ocolisel,46.516667,23.483333
ocolis,46.483333,23.466667
ocolis,45.683333,22.95
ocolis,47.6,23.583333
ocolisul-mic,45.7,23.133333
ocracu,44.966667,23.816667
oculesti,44.566667,23.966667
oczfalva,46.25,25.25
odaia banului,45.083333,26.833333
odaia bogdana,46.288056,28.078333
odaia bursucani,46.15,27.65
odaia manolache,45.566667,27.983333
odaia,44.516667,26.75
odaia,43.766667,24.833333
odaia turcului,44.7,25.45
odaia vladichii,44.266667,26.85
odaile,44.816667,26.05
odaile,44.35,26.083333
odaile-podari,44.483333,26.65
oderhellen,46.3,25.3
odesti,47.516667,23.1
odobeasca,44.2,25
odobesci,45.766667,27.05
odobesti,46.683333,27.15
odobesti,44.616667,25.566667
odoleni,44.566667,23.65
odoreul,47.8,23
odorheiu,46.4,24.566667
odvas,46.1,21.816667
odverem,46.25,23.833333
oesti-paminteni,45.25,24.666667
oesti-ungureni,45.266667,24.65
ofelia,45.9,21.766667
ofelia,47.383333,22.45
ogasu podului,44.740556,21.859167
ogesti,46.8,22.233333
oglinzi,47.25,26.35
ogoru,44.466667,26.9
ograda,44.616667,27.583333
ogradeana-veche,44.666667,22.316667
ogradena noua,44.683333,22.316667
ogra,46.433333,24.316667
ograzile,45.116667,26.683333
ograzi,45.116667,24.1
ogrea,45.05,25.566667
ogretin,45.266667,26.083333
ogrezeni,44.419722,25.768333
ohaba-bistra,45.516667,22.35
ohaba forgaci,45.716667,21.733333
ohaba-jiu,44.716667,23.25
ohaba-matnic,45.466667,22.066667
ohaba,46.066667,23.783333
ohaba,45.766667,25.15
ohaba,45.866667,22.45
ohaba,44.6,23.666667
ohaba-ponor,45.533333,23.133333
ohaba romana,45.95,21.95
ohaba-sibisel,45.5,22.9
ohaba-streiului,45.716667,23.033333
ohabita,45.383333,22.1
oiasca,44.866667,24.783333
oiejdea,46.15,23.633333
oinac,43.95,26.016667
oinesti,44.483333,25.783333
oituz,44.383333,28.533333
oituz,46.066667,26.383333
ojasca,45.3,26.65
ojdula,45.983333,26.25
olahsag,45.6,21.966667
olaneasca,45.45,27.516667
olanu,44.866667,24.3
olareasa,44.116667,25.333333
olareni,45.483333,27.016667
olarestii,44.966667,24.466667
olaresti,45.816667,26.683333
olarii vechi,44.783333,26.216667
olari,46.383333,21.55
olari,44.8,23.333333
olari,44.783333,26.2
olasztelek,46.1,25.583333
olcea,46.683333,21.983333
olesesti,45.316667,26.583333
olesesti,45.833333,27.1
ologeni,44.733333,25.95
olosig,47.35,22.183333
olteanca din deal,43.833333,24.8
olteanca,44.85,25.1
olteanca,44.433333,27.966667
olteanca,44.437778,22.965556
olteani,44.884167,22.918056
oltenesti,46.583333,27.9
olteni,46.333333,23.55
olteni,45.966667,25.85
olteni,44.85,25.383333
olteni,44.183333,25.283333
olteni,45.733333,27.1
olteni,44.633333,25.4
olteni,44.396667,25.946667
oltenita,44.083333,26.633333
oltet,44.633333,23.95
oltetul,44.783333,23.833333
oltina,44.166667,27.666667
omor,45.383333,21.3
omurcea,44.166667,28.433333
oncestii noi,46.466667,27.25
oncestii vechi,46.45,27.25
oncesti,46.3,23.416667
oncesti,45.1,25.2
oncesti,47.85,23.983333
oncesti,43.95,25.883333
onciul,46.05,27.933333
oneaga,47.55,26.783333
onesti,47.483333,27.116667
oniceni,47.333333,26.466667
oniscani,46.8,26.866667
oniscani-tirg,46.783333,26.9
onuca,46.733333,24.583333
opariti,45.183333,26.1
opatesti,45.1,24.483333
oporelul,44.6,24.416667
opranesti,44.655833,22.7825
oprea-cartisoara,45.733333,24.566667
oprestii,45.083333,25
opresti,46.1,23.216667
opresti,44.9,24.733333
oprisani,46.55,23.8
oprisenesti,45.15,27.566667
opriseni,47.133333,27.816667
oprisesti,46.383333,27.383333
oprisita,46.616667,27.566667
oprisor,44.283333,23.083333
oproaia,46.95,27.366667
optasani,44.733333,24.516667
optasi,44.583333,24.65
oracul,44.616667,26.016667
orasa-avram,46.45,26.75
orasa mare,46.416667,26.75
orasani,43.816667,23.883333
orasca,44.35,26.35
oraseni-deal,47.666667,26.666667
oraseni,46.166667,25.35
orastioara de jos,45.766667,23.183333
orasti,46.433333,23.416667
orasti,44.3175,26.288611
orasul nou,47.833333,23.283333
orasu nou vii,47.833333,23.3
oratia,45.433333,27.016667
oravica,45.0325,21.689444
orbaul,47.4,22.616667
orbeasca de jos,44.116667,25.316667
orbeasca de sus,44.15,25.316667
orbeni-de-jos,46.283333,27.016667
orbeni,44.766667,23
orbicu,46.75,26.683333
orboesti,44.566667,27.1
orbu,46.05,27.383333
ordoreanul,44.357778,25.877778
ordoresti,44.35,24.416667
oreasca,44.6,25.633333
oregfalu,45.633333,20.856111
orevita mare,44.455278,22.916667
orevita mica,44.456111,22.879444
orezul,44.583333,26.983333
orgoesti,46.483333,27.683333
orheiu bistritei,47.1,24.583333
orlat,45.75,23.966667
orlea noua,43.75,24.35
orlea,43.75,24.383333
orlestii de jos,44.8,24.233333
orlestii de sus,44.8,24.216667
orman,47.05,23.816667
orman,44.016667,23.533333
ormenis,46.4,23.716667
ormenis,46.316667,24.55
ormindea,46.05,22.866667
orodel,44.233333,23.233333
orodel,44.516667,25.016667
orofreana-de-jos,48.183333,26.366667
orofreana-de-sus,48.183333,26.333333
oroiu de cimpie,46.533333,24.35
oroiul,46.533333,24.366667
orosfaia,46.85,24.416667
orosfalu,46,26.15
orosia,46.45,24.133333
oroszinezo,47.283333,23.6
orsava,44.725278,22.396111
ortasti,47.316667,26.383333
ortelec,47.2,23.1
ortita,47.45,23.1
ortiteag,47.033333,22.45
orzaneasca,45.283333,27.083333
orzeni,47.183333,27.7
orzesti,45.05,22.8
orzoaia de jos,45,26.233333
orzul,44.766667,23.233333
osand,46.833333,21.966667
osebiti-blejesti,44.283333,25.433333
osebiti-marginei,46.566667,26.85
osica de jos,44.25,24.283333
osica de sus,44.25,24.316667
oslobeni,47.05,26.383333
osmancea,44.016667,28.316667
osmanul,45.116667,27.816667
osoi,47.083333,27.183333
osoi,47.15,23.516667
osoiu,47.366667,25.466667
osoiu,47.083333,27.8
osoiu,47.516667,26.466667
osorhel,47.116667,23.6
ostopceni-bals,47.733333,27.233333
ostra,47.4,25.766667
ostratul,44.6,26.016667
ostrovel,45.5,22.85
ostrovenii,44.916667,24.266667
ostroveni,43.8,23.9
ostrov,45.516667,22.85
ostrov,44.933333,28.15
ostrov,44.283333,24.316667
ostrov,44.116667,27.366667
ostrovul-mare,44.379444,22.512778
ostrovu mic,45.483333,22.816667
ostrovu,44.333333,26.783333
ostrovu,45.216667,25.866667
otasaul-ursaresti,45.066667,24.116667
otelec,45.615,20.846667
oteleni,47.083333,27.033333
oteleni,46.55,27.966667
otelesti,46.533333,27.216667
otelul,45.25,24.95
otesani,45.066667,24.033333
otestii de jos,44.683333,24.383333
otestii de sus,44.716667,24.383333
otetelisul,44.65,23.966667
otetoaia,46.580833,28.174722
otomani,47.433333,22.233333
otopeni-de-jos,44.55,26.083333
otopeni-de-sus,44.55,26.066667
otveny,45.716667,21.133333
ozd,46.35,24.116667
pacala,44.816667,24.516667
pacalesti,46.616667,22.4
pacaloaia,45.083333,26.216667
pachia,45.816667,26.116667
pachisa,45.566667,22.883333
pacioiu,45.1,24.866667
paclele,45.316667,26.683333
paclisa,46.05,23.516667
pacurarestii,46.283333,27.483333
pacureni,46.65,24.55
pacureti,45.15,26.133333
pacurii,45.2,26.15
pacurile poenari,45.416667,26.616667
padea,44.016667,23.866667
pades,45.016667,22.85
padina mare,44.45,23.016667
padina matei,44.794167,21.748889
padina mica,44.427222,22.9925
padina,44.766667,24.133333
padurani,45.883333,22.066667
padurea neagra,47.166667,22.4
padurea urziceni,47.733333,22.4
padurenii,47.066667,24
padurenii,45.183333,26.533333
padurenii,46.583333,24.033333
padurenii,45.933333,27.216667
padureni,46.516667,21.5
padureni,44.7,24.983333
padureni,46.566667,26.833333
padureni,44.8,25.366667
padureni,46.983333,27.55
padureni,47.95,26.1
padureti,44.65,24.766667
paduris,47.083333,23.333333
paduroiu din deal,44.8,24.716667
paduroiu din vale,44.783333,24.7
pafrusesti,46.516667,22.983333
pagaia,47.416667,22.5
pagida,46.333333,23.75
paglisa,47,23.633333
pagubenii,46.366667,26.5
pahna,46.55,27.866667
pahnestia,46.779444,28.033333
paicu,44.45,26.783333
paingeni,46.683333,24.566667
paisani,44.666667,23.633333
paiseni,47.433333,26.116667
paisi,46.883333,22.666667
paiusani,46.25,22.1
pajas,44.959444,22.097778
pajistea,46.466667,26.1
pajistele,45.15,23.333333
paladesti,46.65,26.8
palamida,46.25,27.066667
palanca dos,44.783333,24.133333
palanca,46.533333,26.116667
palanca,46.333333,27.183333
palanca,45.6,27.066667
palanca,44.45,25.083333
palas,44.183333,28.6
palass-mare,44.233333,28.6
palatca,46.85,23.983333
palaz mik,44.433333,28.533333
palei,44.666667,23.95
paleu,47.116667,21.966667
palfalva,46.4,25.833333
paliciu,45.25,26.433333
palilula,44.266667,23.716667
palos,46.116667,25.233333
palota,47.066667,21.833333
palpataka,46.516667,25.216667
paltenul,45.25,24.516667
paltenu,45.416667,26.416667
paltinata de jos,46.266667,26.883333
paltinata de sus,46.283333,26.883333
paltineasa,47.3,24.2
paltineni,45.4,26.316667
paltinis,46.55,26.316667
paltinis,47.2,25.4
paltinis,48.216667,26.65
paltinis,45.433333,22.15
paltinis,47.4,26.733333
paltinis,46.783333,27.25
paltinisul,44.686667,22.9075
paltinoasa,47.55,25.95
paltin,45.7,25.233333
paltin,47.866667,25.366667
paltin,45.783333,26.716667
paltinu,47.633333,25.533333
pamanteni,45.266667,26.15
panade,46.216667,23.966667
panaghia,44.183333,23.7
panaitoaia,48.033333,26.983333
pancestii,46.216667,27.066667
pancesti,46.9,27.15
pancesti,46.333333,27.083333
pancesti-tirg,46.216667,27.1
panciu,45.9,27.083333
pancota,46.333333,21.7
pancota,45.916667,22.983333
panc,45.85,22.516667
panc seliste,45.866667,22.516667
pandurii de sus,44.616667,26.716667
panduri,44.616667,26.75
pandurul,44.7,28.633333
panesti,44.983333,27.583333
panesti,44.683333,25.416667
pangalesti,44.140833,25.836667
pangaracior,46.933333,26.216667
pangarati,46.933333,26.15
paniceni,46.8,23.2
panic,47.2,23
pantazi,44.933333,26.133333
pantecani,45.183333,27.166667
pantelimon de jos,44.566667,28.383333
pantelimon de sus,44.55,28.333333
pantelimon,44.45,26.2
panticeul,47.033333,23.566667
pantoiul,44.733333,26.466667
papatak,46.816667,24.866667
papauti,45.783333,26.133333
papesti,44.816667,23.733333
papiesti,45.2,22.3
parac,45.633333,21.133333
paraeie,47.466667,26.083333
paraeni de jos,44.8,23.833333
paraenii de mijloc,44.816667,23.85
paraenii de sus,44.816667,23.816667
paraesti,44.95,24.933333
paraesti,45.233333,24.85
paragina,43.85,25.05
paraipani,45.75,27.266667
parajd,46.55,25.133333
parau boghii,46.266667,26.633333
parau-boia,44.933333,23.5
parau de pripor,44.961389,22.989444
parau de vale,44.977222,22.995833
paraul carjei,47.2,25.766667
paraul fagului,47.133333,25.883333
paraul pantei,47.166667,25.816667
paraul,44.65,23.65
paraul viu,44.933333,23.666667
parau negru,47.95,26.166667
parau,45.85,25.183333
parava,46.3,27
parches,45.216667,28.583333
parcovaci,47.433333,26.85
pardina,45.3,28.966667
parepa,44.9,26.35
pargarestii,46.25,26.65
parhauti,47.716667,26.1
parhida,47.233333,21.866667
parisesti,44.266667,25.583333
pariu,44.7,23.483333
parligeni,44.483333,23.616667
parlita,45.216667,27.283333
parlita,44.566667,23.15
parlita,43.966667,25.066667
parlita,45.133333,28.966667
parlita,45.8,26.866667
parlituril,46.5,27.133333
parneaura,44.863611,21.439167
parosiu,45.5,22.966667
parosul,45.916667,26.833333
parpanita,46.833333,27.483333
parsanii noi,44.333333,23.983333
parsanii vechi,44.333333,23.966667
parscov de jos,45.3,26.55
parscov de sus,45.283333,26.566667
parscoveni,44.3,24.233333
parscov,45.283333,26.55
partea de uscati,47.033333,26.566667
partestii de jos,47.633333,25.966667
partestii de sus,47.65,25.916667
partizanii,45.183333,28.933333
partos,46.05,23.566667
partos,45.333333,21.116667
parul,45.783333,21.85
parul-rotund,44.05,25.166667
parva,47.4,24.55
parvesti,46.466667,27.75
parvinesti,44.783333,23.033333
parvova,45.016667,22.2
parvulestii,44.916667,25.316667
parvulesti,44.666667,23.016667
parvul rosu,44.733333,24.9
pasa casla,44.75,28.85
pasarani,44.616667,23.4
pasarea,44.281389,26.329444
pasareii,44.866667,23.966667
pasateni,47.8,26.983333
pasatesti,44.716667,23.916667
pascani-gara,47.266667,26.716667
pascanii-vatra,47.233333,26.733333
pascani,45.833333,28.083333
pascani,47.25,26.733333
pascani,44.633333,26.2
pascareni,46.7,26.633333
paschii,44.966667,23.666667
paslari,44.283333,26
pastarnac,44.816667,25.883333
pastraveni,47.166667,26.566667
patakflava,46.266667,25.333333
pataligeni,47.233333,26.083333
pata,46.716667,23.75
patars,45.983333,21.85
patesti,45.283333,24.383333
patesti,45.75,27.1
patlageanca,45.216667,28.783333
patrangeni,46.083333,23.266667
patrascani,46.25,26.85
patrascani,45.816667,27.183333
patrautii-pe-suceava,47.716667,26.2
patricheni,46.916667,27.166667
patrimea din lunca,44.683333,26.55
patroaia deal,44.716667,25.216667
patru case,47.933333,26.166667
patru frati,44.75,26.466667
patulele,44.345278,22.772778
patuleni,44.733333,25.15
paturile,45.4,23.983333
pauca,46.016667,23.9
paucea,46.216667,24.366667
paucinesti,45.5,22.75
paucisoara,46.35,24.333333
pauleasa,45,24.85
pauleasca,45.016667,24.833333
pauleni,47.433333,27.416667
pauleni,45.25,24.533333
paulestii,45.9,26.683333
paulesti,46.3,22.766667
paulesti,47.166667,22.233333
paulesti,45,25.983333
paulesti,47.783333,22.916667
paunei,44.783333,25.366667
paunestii,46.033333,27.1
paunestii,44.85,24.45
paun,47.85,27.116667
paun,47.05,27.666667
pausa,46.95,21.866667
pausa,47.083333,23.15
pausa,45.266667,24.333333
pausestii-maglasti,45.133333,24.25
pausesti,47.15,27.316667
pavalari,45.733333,26.683333
pava,45.883333,26.183333
pazarlia,44.45,28.416667
peceiul,47.116667,22.883333
peceneaga,45.016667,28.133333
pechea,45.633333,27.8
pecofalva,45.916667,26.133333
pe deal,47.133333,23.416667
pegeni,44.783333,23.633333
pe iaz,47.5,26.266667
peicani,46.3,27.983333
peleskefalva,46.3,22.433333
peles,47.883333,22.816667
peletlia,44.483333,28.65
pelinul,44.466667,27.016667
pelisor,47.9,22.85
penes,44.183333,25.983333
pentekpataka,46.983333,25.816667
perchiul,46.216667,27.25
pereni,44.383333,23.566667
perersberg,45.716667,25.633333
peresti,45.116667,23.633333
peretul,44.216667,23.8
peretul,44.05,25.083333
peretu,44.533333,23.35
pergemes,46.05,20.866667
periae,47.45,23.983333
periceiul,47.233333,22.883333
periceiu mic,47.233333,22.866667
perieni,47.383333,27.466667
perieni,46.3,27.616667
perietii de sus,44.433333,24.55
perii-brosteni,44.2,25.266667
perii,44.656389,22.893611
perii vadului,47.35,23.566667
periprava,45.4,29.533333
perisanii,45.383333,24.4
perisanu,44.4,26.35
perisor,47.316667,24.233333
perisor,44.133333,23.5
perisorul,45.116667,27.483333
perisoru nou,44.133333,23.483333
peris,44.684722,26.013889
perjulinca,47.966667,26.05
pernesti,46.066667,22.233333
persani,45.783333,25.216667
persicani,46.1,21.683333
persica,44.566667,27
persinarii,45.066667,26.45
persinari,44.8,25.5
pertesti,44.866667,23.9
pesac,45.994167,20.8325
pescaresti,44.45,23.933333
pesceana-cueni,44.883333,24.15
pesceana-roesti,44.9,24.133333
pesciana-ursoaia,44.85,24.1
pesteana-de-jiu,44.85,23.3
pesteana de jos,44.833333,23.266667
pesteana de vulcan,44.921667,22.964167
pesteana,45.55,22.816667
pesteana,44.816667,22.883333
pestenita,45.55,22.8
pestenuta,44.833611,22.851667
pestera,46.033333,22.85
pestera,47.016667,22.383333
pestera,45.516667,25.283333
pestera,44.183333,28.133333
peste vale,47.366667,26.233333
pestisani,45.066667,23.033333
pestisul-mare,45.8,22.933333
pestisul-mic,45.8,22.883333
pestra,44.133333,24.533333
pestritu,45.483333,26.483333
petculesti,44.6,24.266667
petea de campie,46.516667,24.35
petea,46.866667,24.016667
petea,46.166667,25.233333
petea,47.85,22.783333
petelca,46.216667,23.733333
petelea,46.733333,24.716667
petenia,47.116667,22.916667
peteritea,47.416667,23.733333
petermann,45.533333,21.116667
petid,46.716667,22.083333
petin,47.766667,22.966667
petisdorf,46.016667,24.283333
petnic,44.977778,22.290278
pet,47.033333,23.083333
petrachei,44.716667,23.75
petrani,46.683333,22.266667
petra,44.45,23.1
petra,43.816667,25.166667
petreasa mare,45.615833,21.842778
petreasa,46.733333,22.35
petreleny,46.55,22.45
petreni,45.783333,23.016667
petrestii de jos,46.583333,23.65
petrestii de mijloc,46.566667,23.65
petrestii de sus,46.55,23.65
petrestii,45.05,24.866667
petresti,45.916667,23.566667
petresti,46.383333,27.116667
petresti,47.6,22.366667
petresti,47.083333,23.933333
petresti,44.65,25.333333
petresti,45.166667,23.583333
petresti,44.85,23.5
petresti,45.733333,27.216667
petreu,47.333333,22.3
petricani,47.95,26.833333
petricani,47.166667,26.466667
petriceaua,45.216667,25.783333
petriceni,45.166667,26.45
petricica,46.516667,26.783333
petrilaca,46.4,24.15
petrila,44.928889,21.629722
petrile,44.0625,26.116389
petrindul,46.933333,23.2
petrinzel,46.916667,23.15
petrisat,46.2,23.916667
petrisoru,45.333333,26.883333
petris,44.539167,22.860278
petrisul de sus,47.233333,26.916667
petroaia,44.366667,23.5
petroasa,45.833333,22.4
petroasa,46.316667,27.216667
petroasa,45.516667,27.033333
petroiu,45.483333,26.916667
petroiu,44.316667,27.716667
petrosica,47.416667,27.066667
petrosnita,45.316667,22.266667
petros,45.45,23.183333
petrova,47.833333,24.233333
petrovaselo,45.816667,21.583333
petru rares,44.098611,25.79
pianu de jos,45.933333,23.483333
pianu de sus,45.9,23.483333
piatra alba,45.383333,26.533333
piatra alba,44.648611,22.710278
piatra corbului,45.45,26.383333
piatra craiului,46.366667,25.316667
piatra epii,45.166667,25.383333
piatra lunga,45.483333,26.633333
piatra neamt,46.916667,26.333333
piatra olt,44.366667,24.266667
piatra,47.25,24.266667
piatra,44.4,28.55
piatra,47.983333,23.633333
piatra,44.833333,25.933333
piatra,45.1,24.516667
piatra rosie,45.083333,28.266667
picaturile,44.483333,23.866667
piciau,47.133333,22.266667
picior de munte,44.783333,25.383333
piciorul-lupului,47.033333,27.583333
picu,44.583333,23.45
pielestii,44.333333,23.95
pielesti,45.05,24.583333
pieptani,44.933333,23.05
pieptesti,45,24.316667
pietraria,47.066667,27.65
pietrele,45.3,26.466667
pietris,46.883333,27.916667
pietrisul,43.716667,25.666667
pietrisu,44.4,24.05
pietrisu,45.216667,24.216667
pietrisu,45.116667,25.716667
pietroasa-de-jos,45.1,26.566667
pietroasa de sus,45.083333,26.566667
pietroasa,44.633333,24
pietroasa,44.666667,24.2
pietroiu,45.316667,27.866667
pietrosanii,45.183333,24.85
pietrosani,43.716667,25.633333
pietrosani,44.833333,26.1
pietrosa,46.766667,27.166667
pietrosita,45.183333,25.433333
pietrosu,47.35,26.6
pildesti,47,26.816667
piluganii,47.316667,25.15
pilul,46.566667,21.35
pinoasa,44.916667,23.1
pintic,47.066667,23.8
pinticul,46.95,24.533333
pinul,45.416667,26.483333
pioirig,47.25,26.066667
piona,47.066667,26.316667
piorestii,44.766667,26
pipea,46.316667,24.766667
pipera,44.5,26.133333
pirau gruiului,46.116667,23.216667
piria,44.5,23.316667
piriu dobreni,47,26.416667
piriu humei,45.816667,26.75
pirlita,47.15,27.233333
pirlita,46.883333,27.616667
pirosa,47.316667,23.383333
pir,47.466667,22.366667
pirul nou,47.483333,22.4
piscaniesti,44.566667,24.55
piscani,44.983333,24.916667
piscani,44.55,23.6
piscari,47.65,22.733333
pischinti,45.866667,23.316667
piscoiul,44.85,23.75
piscolt,47.583333,22.3
pisc,45.033333,26.216667
piscu de cimpie,43.9,23.166667
piscu hriasca,44.733333,26.066667
pisculeni,45.183333,26.55
piscul lung,44.616667,23.883333
piscul-nou,43.916667,23.166667
piscul,44.75,26.066667
piscul,45.5,27.733333
piscul,43.883333,23.933333
piscul radului,45.966667,26.783333
piscu reghiului,45.8,26.8
piscurile,44.783333,23.383333
piscu rosu,44.761389,22.719167
piscu rusului,46.95,27.133333
pistesti din deal,45.033333,23.416667
pistesti din vale,45.05,23.4
pistrita,44.966667,22.85
pitarul,44.6,25.583333
piteasca,44.483333,26.316667
pitesci,44.85,24.866667
pitesteanca,44.433333,26.6
pitigaia,45.066667,25.016667
pitigoaia,44.983333,24.883333
pitigoi,45.216667,26.066667
pitigoiu,45.466667,26.266667
pitulasi,44.729722,22.695833
pitulatii noi,45.35,27.6
pitulicea-cufuritu,44.9,26.65
pitulusa,45.75,27
piua-petrei,44.7,27.866667
piua,45.3,24.816667
piulesti,44.783333,23.066667
placiata,45.583333,27.783333
placintena,46.15,27.366667
plaesu,47.233333,26.5
plaetu,45.333333,25.983333
plaiul campinei,45.183333,25.733333
plaiul cornului,45.216667,25.65
plaiul,46.233333,22.916667
plaiul sarului,47.3,25.383333
plaiul talea,45.216667,25.583333
plaiu,45.85,23.5
plaiu vulcanesti,44.35,23.95
plasoiu,45.216667,27.3
plataresti,44.35,26.366667
platonesti,44.6,27.716667
platonesti,46.916667,25.416667
plavalar,47.566667,26.35
plavatul,45.533333,26.633333
plavia,45.033333,26.233333
plaviceanca,43.95,24.583333
plavisevica,44.566667,22.233333
pleasa,44.983333,25.6
pleasa,45.016667,26.066667
pleasa,45.133333,24.3
pleasov,43.85,24.75
plesani,47.583333,27.283333
plesa,45.183333,23.35
plesa,46.133333,27.85
plesca,47.083333,22.9
plescioara,45.383333,26.183333
plescuta,46.366667,22.933333
plesesti-centru,47.516667,26.366667
plesestii,46.15,27.45
plesesti,44.883333,24.666667
plesesti,45.283333,26.7
plesesti,44.883333,23.933333
plesesti,45.516667,26.966667
plesi,45.8,23.55
plesi,45.583333,26.683333
plesoiul,44.466667,24.266667
plesoiul,44.966667,24.366667
plevna,48.1,26.45
plevna,45.383333,27.016667
plevna,45.733333,27.85
plevna,44.366667,26.983333
ploestiori eforie,44.95,26.033333
ploestiori,44.983333,26.033333
ploesti,44.95,26.016667
plopana,46.683333,27.216667
plopeasa de jos,45.35,26.633333
plopeasa de sus,45.366667,26.616667
plopenii mari,47.883333,26.783333
plopenii mici,47.9,26.766667
plopeni,47.65,26.333333
plopii,46.183333,27.433333
plopi,44.766667,27.983333
plopi,45.383333,27.183333
plopi,45.633333,23
plopi,44.533333,23.016667
plopi,46.766667,27.983333
plopi,44.283333,24.983333
plopis,47.133333,22.683333
plopis,47.583333,23.766667
plopis,46.916667,25.4
plopoasa,46.816667,27.366667
plop,46.383333,26.5
plop,45.716667,22.766667
plop,44.6,23.733333
plopsor,44.25,23.416667
plopsoru,44.783333,23.35
plopsoru,44.011389,25.987778
plopul,45.166667,27.5
plopul,45.016667,26.15
plopul,45.633333,26.966667
plopul,44.65,25.516667
plopu nou,45.15,27.5
plopu,45.233333,22.4
plosca,43.9,23.55
plosca,44.033333,25.133333
ploscari,44.9,24.95
ploscutenii,46.083333,27.266667
plostina,45.516667,26.516667
plostina,44.825,22.986944
plostina,44.533333,23.7
plostina,45.85,26.666667
plotonesti,46.555556,28.072778
plotonita,47.483333,25.783333
plugova,44.962778,22.355278
plumbuita,44.45,26.566667
pluscul,44.766667,23.483333
pluta,44.566667,23.316667
pluton,47.2,26.033333
poarta-leontinesti,46.533333,26.583333
poarta,45.5,25.383333
poarta salajului,47.1,23.183333
poborul,44.666667,24.5
pochidia,46.05,27.583333
pochiscani,46,27.916667
pociovalistea,45.15,23.65
pocioveliste,46.7,22.433333
poclusa de barcau,47.266667,22.2
pocola,46.683333,22.283333
pocreaca,46.966667,27.766667
pocruia,45.05,22.933333
podari,44.25,23.783333
podele,46.05,22.766667
podenii noi,45.116667,26.166667
podenii vechi,45.083333,26.116667
podeni,46.4,26.433333
podeni,44.881389,22.543333
podeni,45.4,24.416667
podeni,44.583333,24.9
poderee,47.116667,24.333333
podgoria,47.05,22.033333
podgoria,45.116667,26.316667
podisor,44.387222,25.715556
podisu,46.616667,26.716667
podoleni de jos,46.849167,28.031944
podoleni-de-sus,46.855833,28.013611
podoleni,46.8,26.616667
podriga,48,26.833333
podu brosteni,44.75,24.85
podu corbencii,44.55,25.516667
podu corbului,45.233333,25.65
podu cosnii,47.366667,25.2
podu cristinii,44.566667,25.6
podu de fier,46.566667,26.933333
podu gistei,44.318611,25.816667
podu grosului,44.483333,23.066667
podu hagiului,46.86,28.074167
podu jijiei,47.233333,27.716667
podul lui popa nae,44.517222,25.606389
podul neagul,45.266667,25.616667
podul oprei,46.833333,27.95
podul pesceanei,44.633333,24.266667
podul-rizii,44.7,25.583333
podul schiopului,45.816667,26.633333
podul-turcului,46.2,27.383333
podu lui galben,45.116667,26.183333
podu lui neag,45.35,25.733333
podu lung,45.25,25.65
podul ursului,45.166667,25.916667
podul valeni,44.75,25.966667
podul vartos,45.266667,25.633333
podurele,45.233333,24.816667
poduri-bricesti,46.416667,22.95
podurile de jos,45.05,25.433333
podurile,45.883333,26.816667
podurile,45.266667,26.05
poduri,46.466667,26.533333
poena de varbilau,45.15,25.983333
poenari-apostoli,44.766667,26.05
poenarie,45.25,24.8
poenarii-mosteni,44.463056,25.774444
poenarii,45.216667,25.05
poenarii-rali,44.75,26.033333
poenarii-schitu,43.983333,25.466667
poenari,47.816667,26.766667
poenari,46.916667,27.183333
poenari,44.716667,23.816667
poenari,46.966667,26.066667
poenari-vulpesti,44.683333,25.95
poena trestiei,45.15,25.85
poenele,45.616667,26.983333
poenile de jos,46.75,27.066667
poenile zagrei,47.383333,24.25
poeni pe solca,47.683333,25.9
poeni,45.533333,22.716667
poeni,46.483333,27.15
poeni,46.916667,22.9
poeni,47.05,27.7
poeni,46.833333,26.35
poenita,45.1,24.916667
poenita,46.9,27.133333
poenita,45,23.666667
poenita,47.316667,23.35
poenita,45.583333,26.9
poenita-seciuri,45.016667,23.716667
poenita tomii,45.8,22.683333
poenita voinii,45.7,22.7
poenitele de jos,45.366667,26.233333
poestii-de-jos,45.4,27.216667
poetari,46.7,22.3
pogaceana,46.683333,24.3
pogana,46.316667,27.566667
poganesti,45.716667,22.016667
poganesti,46.691389,28.163333
poganul,44.65,24.316667
poganyospatak,45.492222,21.721389
poganyosvolgy,45.5,21.8
poganyremete,45.516667,21.866667
poglet,46.333333,27.133333
pogoanele,44.916667,27
pogonestii,46.15,27.533333
pogorasti,47.566667,27.233333
poiana alexa,46.616667,27.616667
poiana ampoiului,46.083333,23.4
poiana antii,47.15,23.466667
poiana blenchii,47.3,23.75
poiana botizei,47.6,24.033333
poiana boului,46.616667,26.666667
poiana-campina,45.133333,25.683333
poiana cirnului,46.95,26.116667
poiana codrului,47.616667,23.25
poiana copacel,46.933333,22.133333
poiana de jos,44.65,23.533333
poiana de jos,44.55,25.683333
poiana de sus,47.016667,27.3
poiana-de-sus,44.666667,23.533333
poiana de sus,44.566667,25.683333
poiana grintiesului,47,25.85
poiana humei,46.75,27.15
poiana ilvei,47.35,24.733333
poiana lacului,44.816667,24.733333
poiana largului,47.1,25.95
poiana lui matei,46.483333,27.55
poiana lui stanga,44.508056,25.583889
poiana lui stan,46.283333,27.4
poiana manastirii,46.983333,27.35
poiana mare,43.916667,23.066667
poiana marului,47.383333,26.883333
poiana marului,45.4,22.55
poiana marului,46.766667,26.516667
poiana micului,47.65,25.766667
poiana mierlei,45.266667,26.1
poiana negustorului,46.683333,26.616667
poiana nucului,46.283333,26.783333
poiana petri,46.65,27.35
poiana pletari,45.433333,26.616667
poiana,45.8,23.733333
poiana,46.083333,23.05
poiana,46.383333,26.7
poiana,47.566667,26.85
poiana,45.35,22.183333
poiana,46.566667,23.833333
poiana,44.933333,23.183333
poiana,44.55,27.266667
poiana,46.983333,27.783333
poiana,47.3,26.366667
poiana,45.866667,26.75
poiana,45.35,24.433333
poiana rachitelii,45.733333,22.583333
poiana rachitii,47.116667,25.916667
poiana sabasa,47.183333,25.783333
poiana sarata,46.15,26.45
poiana-seciurile,44.983333,23.733333
poiana siliona,47.566667,26.383333
poiana spinului,47.116667,23.45
poiana stoica,45.65,26.75
poiana surduc,46.983333,22.25
poiana teiului,47.1,25.966667
poiana uzul,46.316667,26.35
poiana valcului,45.5,26.633333
poian,46.066667,26.15
poianu,46.983333,26.766667
poienele,44.616667,23.916667
poienile boinei,44.820556,21.866667
poienile glodului,47.7,24.116667
poienita,46.1,23.016667
poienita,44.583333,25.666667
poiu,46.383333,23.15
pojarata,47.516667,25.45
pojarul,44.966667,23.716667
pojejena de jos,44.774167,21.579167
pojejena de sus,44.773333,21.5675
pojereni,46.5,28.166667
pojocii,45.033333,23.933333
pojoga,45.983333,22.4
pojogeni,44.983333,23.483333
pojorita,45.75,24.866667
polata,45.066667,23.25
policiori,45.35,26.666667
polieni,47.283333,27.066667
politeni,46.366667,27.55
polizesti,44.866667,27.8
polizu,44.683333,25.933333
poloboc,46.75,26.533333
polocin,46.133333,27.516667
polocinu de jos,46.133333,27.533333
polonita,46.333333,25.25
polovragi,45.183333,23.8
pomarla,48.066667,26.316667
pometesti,44.516667,23.733333
pomezeu de valani,46.783333,22.316667
pomi,47.7,23.316667
poneasca,45.033333,21.95
ponita,47.066667,22.916667
ponivas,47.666667,22.35
ponoarele,45.55,23.1
ponoarele,44.973889,22.764444
ponor,45.516667,23.116667
ponor-sat,46.316667,23.4
popci,45.433333,23.416667
popeasa,44.5,23.733333
popenii,46.166667,26.916667
popeni mirsid,47.216667,23.133333
popeni,47.85,26.483333
popes,45.816667,22.85
popesti bacu,44.483333,25.883333
popestii-conduratu,44.383333,26.166667
popestii,44.216667,24.8
popestii-romani,44.4,26.15
popesti,46.25,23.383333
popesti,44.766667,25.066667
popesti,47.233333,22.416667
popesti,46.816667,23.533333
popesti,44.866667,25.983333
popesti,46.35,27.233333
popesti,44.983333,24.1
popesti,45.583333,27.1
popesti,44.3025,26.4
popii,45.166667,23.9
poplaca,45.716667,24.05
poporogi,44.366667,25.183333
popoveni,44.283333,23.783333
popozeni,44.683333,26.683333
popricani-coarba,47.3,27.516667
popteleac,47.116667,23.416667
poptelec,47.25,23.166667
porcaret,46.3,27.133333
porcesti,44.616667,22.883333
porciseni,46.8,27.866667
porcurea,46.05,23
pordean,46.15,20.4
porgesti,46.5,22.916667
poroina mare,44.495278,22.936389
poroina,44.616667,22.783333
poroinica,44.666667,25.45
poroinita,44.469722,22.851111
poroschia,43.933333,25.366667
portaresti,44.033333,23.633333
portari de jos,46.733333,27.7
portari de mijloc,46.75,27.7
portita,47.566667,22.416667
port,47.233333,22.55
portul ramadan,43.866667,25.933333
porumbac,46.45,24.233333
porumbacu de jos,45.75,24.45
porumbacu de sus,45.716667,24.466667
porumbesti,47.983333,22.983333
posada,45.283333,25.633333
posada,46.066667,28
posaga de jos,46.433333,23.433333
posalaca,47.05,22.233333
posesti-ungureni,45.266667,26.133333
posmus,46.983333,24.583333
posobesti,45.383333,26.516667
posta elan,46.416667,27.983333
posta lazarescu,44.6,25.5
posta,45.05,26.566667
posta,47.55,23.483333
posta,45.116667,28.616667
posta,44.383333,26.3
posta,44.350556,25.873889
postavari,44.333333,26.271667
posta veche,44.616667,23.316667
postea,45.066667,27
potangeni,47.333333,27.333333
potarnichesti,45.216667,26.85
potaul,47.75,23.116667
potcoava,44.266667,27.133333
potelul,43.766667,24.2
potigraf,44.783333,26.1
potingani,46.2,22.85
potlogeni deal,44.7,25.25
potlogenii din vale,44.716667,25.233333
potlogeni,43.883333,24.633333
potlogi,44.55,25.583333
potmeltu,44.416667,23.633333
potocelu,44.9,25.25
potoceni de jos,45.183333,26.783333
potoci,46.966667,26.116667
potoc,44.937222,21.7225
potopinul,44.2,24.35
povargina,45.883333,22.133333
pracsica,47.383333,26.333333
prahuda,45.783333,26.75
prajani,45.2,25.95
praja,46.35,27.416667
prajesti,46.383333,22.15
prajesti,46.5,26.516667
prajesti,46.866667,26.716667
prajoaia,46.416667,26.716667
pralea,46.116667,26.866667
praporul,43.95,24.183333
prazsmar,45.716667,25.766667
preajba de camp,44.016667,24.566667
preajba de-sus,44.4,25
preajba mare,45.066667,23.35
preajba mica,45.05,23.35
preajba,44.266667,23.85
preasna,44.4,26.666667
preasna veche,44.366667,26.716667
precupesti,46.433333,23.016667
predelut,45.533333,25.333333
predesti,44.95,24.35
predesti,44.8,26.983333
prejmeni,44.763889,22.733889
prejna,44.935833,22.595556
prejoiul,44.583333,23.883333
prejucel,46.933333,22.766667
prelipca,47.9,26.383333
prelipca,47.6,26.35
preluca noua,47.45,23.65
preluca,47.466667,23.7
preluci,46.45,26.266667
preluci,47.3,23.466667
preotesti,44.533333,23.983333
preotesti,47.25,26.516667
preotesti,44.616667,26.083333
presaca ampoiului,46.1,23.333333
presaca,45.966667,23.883333
presacina,45.016667,22.483333
presani,44,25.416667
preseaca,45.1,26.25
preuteasa,47.066667,22.733333
pria,47.05,22.883333
pribegi,44.55,27.283333
pribesti,46.916667,27.783333
pribilesti,47.566667,23.366667
priboaia,45.083333,24.95
priboesti,44.716667,22.816667
priboiul,44.448056,25.587778
priboiu,45.016667,25.25
pribonil sarzeni,45.033333,25.25
pricaz,45.85,23.166667
prigorenii mari,47.2,27.066667
prigoria,45.066667,23.683333
prigor,44.938333,22.113333
prilepec,44.941111,22.062222
priloage,45.483333,24.316667
prilog,47.85,23.316667
principele ferdinand,43.95,24.9
principesa elena,47.466667,24.816667
priponescii-de jos,46.066667,27.433333
priponescii-de sus,46.083333,27.433333
prisaca dorna halta,47.533333,25.65
prisacani,47.55,26.95
prisaca,46.466667,26.716667
prisaca,46.716667,22.233333
prisaca,45.5,22.15
prisaca,44.466667,23.916667
prisaca,47.983333,26.05
prisaca,46.266667,27.416667
prisaca,45.85,26.783333
prisaceana,44.316667,23.1
priseaca,44.616667,25.766667
priseaca,44.516667,24.45
prisecanii,46.183333,27.416667
prisian,45.35,22.233333
prisiceni,44.366667,25.85
prislop,47.266667,24.433333
prislop,44.716667,21.816667
prislop,47.416667,23.55
prislopu mare,44.9,24.766667
pristesti,47.85,26.433333
pristol,44.224722,22.709167
probota-ciulnesti,47.383333,27.5
prodanesti,46.116667,27.933333
prodanesti,45.1,24.466667
prod,46.25,24.65
produlesti,44.7,25.5
proeni,45.35,24.266667
profa,44.733333,24.566667
progresul,44.366667,26.45
prohozesti,46.483333,26.533333
prooroci,44.366667,24.366667
prostea mare,46.133333,24.3
prostea,46.033333,24.683333
protopopeni,47.6,26.583333
protopopeni-vale,47.6,26.6
protopopesti,46.966667,27.633333
provita de jos,45.116667,25.65
prozanchin,44.3,26.45
prunari,44.122778,25.680556
prundu comenii,44.094722,26.226944
prundu,44.833333,24.916667
prundurei,44.9,23.15
pruneni,47.033333,23.716667
prunesti de deal,45.033333,23.633333
pruni,47.166667,23.616667
pruni,44.328889,25.987778
prunisori,44.609444,22.915278
prunis,46.633333,23.566667
puchenii mici,44.833333,26.05
pucinej,44.680833,22.702222
pueni,44.076111,26.186944
puesti-de sus,45.4,27.183333
puestii targ,46.416667,27.5
puesti,46.416667,27.483333
pufestii,46,27.2
puini,46.9,24.016667
pui,45.516667,23.1
punctu piatra frecatei,44.9,28.116667
punga,45.3,26.45
pungesti,46.7,27.333333
punghina,44.281944,22.934722
punta,46.933333,25.75
puntea de greci,44.65,25.3
puntiscni,46.483333,27.75
pupezeni,46.083333,27.683333
purani,43.983333,25.433333
purcarelul,44.816667,23.466667
purcareni,44.966667,24.883333
purcareni,45.65,25.783333
purcareni,44.45,25.133333
purcaresti,44.716667,24.566667
purcaresti,44.5,23.483333
purcaret,47.366667,23.433333
purcelesti,45.816667,27.1
purecei,44.55,24.3
puricani,46.116667,27.916667
puscasi,44.85,26.083333
puscasi,46.616667,27.633333
pusta,46.65,24.383333
pusta,47.283333,22.75
pustiana,46.583333,26.633333
pustieta,46.8,27.2
pustoaia,47.866667,26.316667
pustuta,47.116667,23.566667
puteni,45.833333,27.683333
puterau,45.15,26.266667
putineiul,44.683333,23.75
putineiul,43.9,24.966667
putineu,43.9,25.733333
putintei,43.916667,25.466667
putna,44.945833,22.176111
putna,47.866667,25.616667
putnisoara,47.85,25.6
putredeni,46.25,27.433333
putu cu salcia,44.65,25.45
putu greci,44.139167,26.347778
putul olarului,46.366667,27.633333
putureni,48.116667,26.833333
puturile,44.133333,24.016667
puturoasa,44.35,24.433333
puturosal,45.166667,27.133333
rabagani,46.75,22.233333
rabaia,47.166667,26.45
rabaia,47.533333,26.15
raba,45.033333,23.5
rabszek,46.416667,22.016667
racaciuni,46.333333,26.983333
raca noua,44.416667,25.05
raca,44.433333,25.033333
racarii de jos,44.516667,23.566667
racarii de sus,44.533333,23.55
racari,44.633333,25.733333
racasdia,44.993056,21.618056
racas,46.85,22.283333
racas,47.1,23.316667
racastia,45.766667,22.883333
racasu de jos,46.033333,25.4
racauti,46.216667,26.783333
rachel,45.283333,28.316667
rachieri,44.95,26.116667
rachis,46.383333,23.633333
rachis,46.5,23.666667
rachisu romin,46.666667,23.5
rachita de jos,44.35,23.4
rachita de sus,44.366667,23.35
rachita,45.866667,23.516667
rachita,45.833333,22.1
rachita,44.811389,21.843611
rachita,44.883333,23.7
rachitasu,45.733333,26.8
rachitele,46.7,22.9
rachitele,45.1,23.15
rachiteni,47.05,26.9
rachiti,47.766667,26.683333
rachitis,46.55,26.766667
rachitis,47.533333,25.416667
rachitisu de sus,46.566667,26.75
rachitoasa,46.433333,27.366667
rachitosu,45.783333,27.25
rachitova,45.066667,21.683333
racila,46.65,26.766667
raciul,44.833333,25.433333
racoasa,46,26.883333
racoti,44.991111,22.931944
racova,46.7,26.75
racova,47.683333,26.866667
racova,44.796667,22.765556
racova,47.466667,22.883333
racova,46.75,27.233333
racovat-pulanca,48.116667,26.3
racovita cerna,45.166667,23.833333
racovita de sus,44.966667,24.966667
racovita,45.3,27.45
racovita,44.316667,24.116667
racovita,45.683333,24.35
racovita,45.698333,21.635833
racovita,46.75,27.3
racovita,45.416667,24.316667
racovita,44.833333,25.633333
racsa,47.816667,23.35
racsa vii,47.816667,23.333333
racul,44.75,24.2
racz-szent-marton,45.605,20.958056
radacinestii,46.183333,27.283333
radacinesti,45.283333,24.45
radaesti,46.4,27.666667
radaia,46.8,23.466667
radautio,47.85,25.916667
radauti,48.233333,26.8
radeana,46.216667,26.833333
radeni,47.516667,26.866667
radeni,47.133333,27.25
radeni,47.133333,26.533333
radeni,46.583333,27.366667
radesti,46.266667,23.716667
radesti,44.616667,24.433333
radicevic,45.581944,19.916667
radila,44.916667,26.183333
radimna,44.793611,21.562222
radiul,46.466667,27.85
radiu,46.633333,27.7
radmanesti,45.916667,21.9
radoaia,46.3,26.933333
radoesti deal,44.15,25.133333
radoesti-de-jos,44.15,25.15
radomiresti de jos,46.533333,26.983333
radomirul,44.133333,24.166667
radovan,44.166667,23.616667
raducaneni,46.95,27.933333
raduceni,45.416667,27
raduesti,46.7,27.583333
radulesti,45.883333,22.633333
radulesti,47.6,22.583333
radulesti,45.75,27.3
radu negru,45.25,27.95
radu negru,44.266667,27.383333
radutestii,44.85,24.466667
radutesti,44.6,23.333333
radu voda,44.383333,26.916667
raeti,43.916667,23.95
raffna,45.438333,21.688333
rafnic,45.231389,21.792222
rafovul,44.866667,26.133333
ragmani,46.516667,24.833333
ragojelu,46.783333,22.85
ragul,44.6,25.383333
rahaul,45.9,23.616667
rahman,44.816667,28.266667
rahova,45.083333,26.233333
rahtivani,44.966667,25.833333
raiculesti,44.616667,25.633333
raioasa,44.95,24.25
rai,46.239722,28.015
raissendorf,46.283333,22.633333
raitiul,44.5,24.35
raiu,47.316667,27.483333
raiuti,45.833333,26.833333
rajletul-vierosi,44.883333,24.583333
raj,46.233333,22.333333
ralesti,43.85,25.683333
ramet valea iuzelului,46.333333,23.516667
ramet valea manastiri,46.3,23.516667
ramet valea uzei,46.3,23.5
ramet vladesti,46.3,23.566667
ramnicelul,45.283333,27.533333
ramniceni-bratlanu,45.516667,27.45
ramnicu-de-jos,44.633333,28.45
ramnicu-de-sus,44.65,28.466667
ramnicul sarat,45.383333,27.05
rancaciov,44.883333,25.35
ranceni,46.403889,28.101111
ranta,46.45,24.116667
rapa,46.783333,22.016667
rapas,45.816667,23.066667
rapa zegujani,44.8,22.966667
rapescii,46.1,27.333333
rapile,46.266667,26.816667
rapile,45.266667,26.383333
rapoltea,45.883333,23.066667
rapsa,46.716667,27.416667
rares,46.2,25.383333
rasa,44.216667,27.15
rasboeni,46.9,27.333333
rasboeni,47.083333,26.533333
rasbuneni,47.15,23.7
rascaeti,44.6,25.25
rascani,46.316667,27.883333
rasca,47.866667,27.2
rascolesti,44.7,22.7
rascruci,46.916667,23.766667
rasesti,46.771111,28.138333
rasimnicea,44.783333,26.333333
rasina,44.883333,23.383333
rasmiresti,43.983333,25.55
rasnicu batran,44.416667,23.533333
rasnicu oghian,44.433333,23.533333
rasnita,46.666667,27.566667
rasnov,46.833333,26.516667
rasova,45.05,23.183333
rasova,44.25,27.933333
rasovita,45.083333,23.166667
rasti,45.4,26.5
rastoaca,46.333333,27.033333
rastoaca,45.65,27.283333
rastoci,47.366667,23.533333
rastolita,46.983333,25.033333
rastoltu-desert,47.05,23.133333
rastul,43.883333,23.283333
rasuceni-de-jos,44.083333,25.683333
rasuceni-de-sus,44.091667,25.663889
rasvadu-de-jos,44.933333,25.533333
rasvadu de sus,44.933333,25.5
rasvani,44.416667,26.883333
ratalesti,44.883333,23.916667
rata,44.083333,24.816667
rateasca,44.183333,25.1
ratesti,44.733333,25.133333
ratesti,47.583333,22.883333
ratesu cuzei,46.85,27.55
ratez,44.961111,22.921389
ratin,47.183333,22.85
ratoaia,44.85,25.683333
ratos,47.883333,26.066667
ratovei,47.116667,22.75
ratunda,43.983333,24.316667
rau-alb,45.516667,23
rau-barbat,45.483333,23.083333
raucestii de jos,47.25,26.416667
raul sadului,45.616667,24.066667
raul vadului,45.516667,24.283333
raureni,45.05,24.316667
rauseni,47.566667,27.2
rauseni,47.583333,26.366667
rausor,45.816667,25
rauteni,47.85,26.2
rava,46.383333,24.816667
ravasel,46.016667,24.366667
ravencka,44.806944,21.914722
razboeni-noui,47.216667,27.05
razboienii de jos,47.066667,26.55
razoare,47.45,23.783333
razoare,46.683333,24.2
rea,45.583333,22.916667
rebegi,43.933333,23.866667
rebra,47.316667,24.5
rebricea,46.866667,27.55
recea cristur,47.066667,23.533333
recea de jos,46.383333,27.05
recea de jos,44.516667,25.033333
recea de sus,44.533333,25.016667
recea mica,47.2,22.916667
recea,44.816667,24.966667
recea,45.55,26.683333
recea,46.933333,27.383333
recea,47.633333,23.516667
recea,44.318611,22.911389
recea,46.9,25.733333
recea,44.433333,24.466667
recea,47.2,22.95
reci,45.85,25.933333
recita,45.300833,21.889167
reciu,45.866667,23.683333
redea,44.05,24.3
redisoara,44.05,24.35
rediu-aldei,47.216667,27.633333
rediu-galian,46.883333,27.733333
rediul,46.683333,23.7
rediul,46.75,26.566667
rediu mitropolei,47.3,27.483333
rediu,48.233333,26.766667
rediu scanteia,46.9,27.583333
redul,47.2,27.083333
regep cuius,44,27.7
reghea,47.383333,22.483333
reghin-sat,46.783333,24.716667
reghiu,45.783333,26.833333
rekes,46.316667,22.2
remecioara,47.516667,23.566667
remetea chioarului,47.533333,23.55
remetea lunca,45.866667,22.05
remetea mare,45.779444,21.376111
remetea oasului,47.883333,23.316667
remetea,46.15,22.9
remeti pe somes,47.483333,23.35
remus opreanu,44.233333,28.216667
remus,43.933333,25.983333
renascerea,44.35,26.383333
renghet,45.95,23.133333
reny,46.566667,22.45
repedea,45.916667,27.033333
resca,44.183333,24.4
rescuta,44.183333,24.383333
resighea,47.6,22.316667
resita mica,44.873333,21.941667
resita montana,45.3,21.9
restoci,46.283333,22.383333
reteag,47.2,24.016667
retevoesti,45.133333,24.85
retisul,46.05,24.85
rev,46.983333,22.516667
rezbanyafalu,46.483333,22.583333
ribicioara de jos,46.216667,22.783333
ribita,46.183333,22.766667
richisdorf,46.1,24.483333
richitele de jos,44.9,24.666667
richiteni,44.666667,24.516667
richitesti,45.116667,24.166667
rimesti,44.566667,24.1
rimetea,46.45,23.566667
rimna,45.683333,26.933333
ripa de lupoaia,44.8,22.933333
ripa lunga,45.566667,26.85
ripiceni-fabrica,47.95,27.133333
ripile,44.75,24.116667
risca,46.183333,22.7
risca,47.3,26.433333
risculita,46.216667,22.716667
risipiti,44.15,23.183333
riszkany,47.933333,25.983333
rittberg,45.520833,21.493611
riu alb de jos,45.15,25.35
rizanesti,45.183333,26.033333
roadas,46.116667,25.1
roandola,46.166667,24.616667
roata catunu,44.416667,25.533333
roata de jos,44.410833,25.543333
roata mica,44.399167,25.555278
roata mosteni,44.4,25.516667
robaia,45.216667,24.766667
robanesti-de-jos,44.316667,24.016667
robanesti-de-sus,44.316667,24
robesti,45.45,24.3
robul,46.25,26.783333
rociul,44.666667,25.033333
rocna,46.766667,26.966667
rocoteas,47.066667,25.483333
rocsoreni,44.533333,23.066667
rodbav,45.916667,24.866667
rodina,47.516667,23.25
rodna,47.416667,24.816667
rod,45.8,23.783333
rogna,47.333333,23.6
rogoaza,46.25,27.133333
rogoci,44.9,23.633333
rogojani,44.95,23.5
rogojeni,45.983333,28.083333
rogojina,44.933333,24.816667
rogojina,44.85,23.533333
rogova,44.471667,22.806667
rogoz,46.783333,22.166667
rogoz,47.466667,23.933333
rohia,47.4,23.85
roisori de vede,44.116667,24.983333
roit,46.983333,21.716667
rojistea,44.066667,23.933333
roma de jos,47.85,26.566667
roma de sus,47.866667,26.566667
romana,44.2,24.166667
romanesal,45.066667,24.95
romanesti,45.8,22.316667
romanesti,44.283333,23.8
romanesti,45,23.266667
romanesti,47.4,23.65
romanesti,44.9,23.933333
romanesti,46.183333,24.3
romanesti,44.866667,26.066667
romanesti,47.783333,23.116667
romanesti,47.783333,26.083333
romanesti,44.566667,25.616667
romanesti-vale,47.75,27.283333
romani-de-jos,45.183333,24.016667
romanii de sus,45.2,24
romani,46.783333,26.683333
romanul,45.283333,27.733333
roma,47.833333,26.6
romos,45.833333,23.283333
romula,45.15,28.933333
rona de jos,47.916667,24.016667
rona de sus,47.9,24.05
rona,47.266667,23.283333
rontau,47.016667,22.016667
rosa,46.116667,22.416667
roscani,45.866667,22.566667
roscani,47.45,27.383333
roscani,47.533333,26.55
rosculestii,46.016667,26.8
roseni,47.083333,25.933333
rosesti,45.283333,24.75
roseti,44.216667,27.433333
rosia de amaradia de jos,45.033333,23.783333
rosia de amaradia-de-sus,45.05,23.75
rosia-de-jiu,44.883333,23.166667
rosia de secas,46.05,23.883333
rosia,46.016667,23.1
rosia,46.8,22.4
rosia,44.698333,22.880278
rosia,45.816667,24.316667
rosienii mari,44.25,24.233333
rosienii mica,44.25,24.25
rosiesti,46.433333,27.883333
rosiile,44.866667,23.933333
rosioara,45.016667,23.883333
rosiori,46.716667,27.083333
rosiori,47.766667,26.716667
rosiori,45.233333,27.083333
rosiori,44.8,27.383333
rosiori,44.259167,22.925556
rosiori,47.716667,23.25
rosiori,46.8,27.966667
rosiori,44.616667,26.533333
rosiuta,44.861944,22.976667
rosulet,45.15,29.65
rosul,44.45,26.016667
rosu,47.35,25.333333
rosu,46.983333,27.95
rosu,45.083333,29.383333
rotarea,45.316667,26.216667
rotaresti,46.783333,22.233333
rotaresti,44.85,23.466667
rotaresti,44.233333,25.333333
rotaresti,44.983333,24.45
rotaresti,45.75,27.066667
rotaria,46.95,27.866667
rotari,46.416667,27.45
rotbav,45.833333,25.55
rotilestii mari,46.033333,26.733333
rotopanesti,47.516667,26.2
rotunda,47.016667,26.966667
rotunda,47.483333,26.533333
rovinari,44.916667,23.183333
rovina,46.15,22.916667
rovine,44.366667,23.716667
rovine,44.7,27.1
rozavlea,47.733333,24.216667
rubla mare,45.35,27.066667
rucarena,45.983333,26.666667
rucar,45.4,25.166667
rucar,45.816667,24.766667
ruda-brad,46.1,22.816667
rudari aninoasa,44.983333,25.283333
rudarii-ursului,45.383333,24
ruda,46.083333,22.85
ruda,45.7,22.75
ruda,45.033333,24.333333
rudeni,45.233333,24.55
rudeni,44.473056,25.968889
rudicica,45.7,21.266667
rudina,44.880833,22.789444
rueni,45.4,22.333333
ruganesti,46.3,25.066667
rugaria,46.6,27.45
rugesti,46.616667,23.7
ruget,45.9,26.85
rugetul,45.016667,23.766667
ruginca,46.433333,26.883333
rugineni,46.078611,28.004167
ruginestii,46.066667,27.116667
ruginoasa,46.95,23.266667
ruginoasa,47.25,26.85
ruginoasa,44.733333,23.916667
ruginoasa,46.983333,26.7
ruginoasa,45.216667,24.733333
ruginosi,45.45,22.116667
rugi,45.383333,22.133333
rugi,44.983333,23.45
ruja,46.016667,24.65
ruleni,46.966667,27.616667
rumunska saska,44.905556,21.725278
runa,46.483333,22.883333
runca,44.683333,23.633333
runc,46.75,26.733333
runcsor,45.983333,22.566667
runcsorul,44.883333,22.733333
runcul mare,45.733333,22.633333
runcul mic,45.833333,22.733333
runcul,44.6,28.316667
runcul,45.166667,24.45
runcul,45.183333,25.383333
runcul,44.583333,26.2
runcul salvei,47.35,24.316667
runcului,46.45,23.166667
runcurel,44.866667,23.016667
runcur,45.116667,23.133333
runcu,47.016667,27.283333
runcu,45.583333,27.066667
ruptura,44.616667,23.033333
ruptura,45.45,26.35
rupturile,44.6,23.816667
rusanestii de sus,44.283333,24.166667
rusavat,45.266667,26.416667
rusca montana,45.566667,22.45
rusca,45.15,22.333333
rusca,46.641944,28.061667
rusceori,44.633333,24.516667
rusciori,45.816667,24.033333
ruscova,47.8,24.283333
ruseni-boeresti,46.65,27.25
rusenii noi,47.2,27.666667
rusenii razesi,46.65,27.266667
rusenii vechi,47.183333,27.683333
ruseni,46.45,26.583333
ruseni,46.783333,26.55
rusesti,46.3,22.783333
rusi-ciutea,46.516667,26.95
rusii manastioarei,47.583333,26.383333
rusii,46.733333,27.1
rusii,47.35,26.433333
rusii strateni,47.933333,26.3
rusi,45.7,23
rusi,45.95,24.166667
rusi,46.466667,27.5
rusni,47.7,22.95
rusor,47.5,23.716667
rusova veche,44.9775,21.505833
rus,47.616667,23.666667
rustior,46.983333,24.666667
rusu birgaului,47.216667,24.65
rusu de jos,47.133333,24.166667
rusu de sus,47.116667,24.183333
rusu,46.033333,27.7
saag,45.648611,21.175556
sabangeac,44.966667,28.883333
sabareni,44.508056,25.878889
sabed,46.666667,24.45
sabisa,47.716667,23.333333
sabolciu,47.066667,22.15
sacadad,47.033333,22.15
sacadate,45.766667,24.383333
sacadat,46.633333,25.066667
sacalaia,46.966667,23.916667
sacalaseni,47.583333,23.566667
sacalaz,45.758333,21.112222
sacaleni,46.866667,27.1
sacalusesti,47.166667,26.35
sacamas,45.916667,22.683333
sacaramb,45.966667,23.05
sacareni,46.6,24.7
sacaresti,47.266667,26.933333
saca,46.316667,26.533333
sacauriciul,45.016667,24.533333
sacel,46.6,23.45
sacel,45.566667,22.916667
sacel,45.783333,23.933333
sacelu,45.1,23.533333
saceni,45.75,22.066667
saceni,44.233333,25.066667
saciova,45.783333,25.95
sacosul-mare,45.651944,21.428889
sacueni,47.35,22.1
sacueni,44.916667,25.566667
sacueni,46.25,24.983333
sacueu,46.833333,22.933333
sacul,45.566667,22.116667
sacuta,47.316667,26.3
sadau,47.883333,25.4
sadina,44.415833,25.521944
sadova noua,45.25,22.35
sadova,43.9,23.95
sadova,47.533333,25.5
sadova veche,45.25,22.3
sadoveni,47.983333,27.133333
sadul,45.666667,24.183333
saelele,43.866667,24.716667
saes,46.15,24.766667
saftica,44.616667,26.066667
sagagea,46.483333,23.316667
sageata de jos,45.1,26.983333
sag,47.083333,22.816667
sahateni de sus,45.05,26.516667
sahste,46.683333,23.533333
saidia,44.2,28.116667
saioci,44.95,24.083333
sai,47.683333,23.133333
sajteny,46.1,20.85
salacea,47.466667,22.316667
salageni,47.012222,28.013889
salageni,47.666667,26.383333
salajani,46.366667,22.183333
salamas,46.883333,25.466667
salard,47.216667,22.05
salard,46.95,25.083333
salasu de jos,45.533333,22.966667
salasu de sus,45.516667,22.95
salasuri,46.366667,24.766667
salatig,47.366667,23.133333
salatiu,47.1,23.933333
salatrucel,45.25,24.383333
salatruc,47.266667,23.883333
salatrucu de jos,45.3,24.516667
salatrucu de sus,45.333333,24.516667
salatrucul,44.566667,23.083333
salbagel,45.566667,22.033333
salbagelul nou,45.566667,22.05
salcaul,45.966667,24.35
salcea,47.65,26.366667
salceni,45.266667,28.75
salceni,46.066667,27.566667
salcia noua,45.45,27.333333
salcia,44.140833,22.927778
salcia,44.433333,24.316667
salcia,45.183333,26.333333
salciile,44.5,23.75
salciile,44.816667,26.483333
salcioara,45,26.866667
salcioara,44.533333,26.883333
salciua de jos,46.4,23.433333
salciua noua,45.883333,21.433333
salcud,46.4,24.166667
salcuta,46.933333,24.3
salcuta,44.166667,23.7
salcuta,44.25,23.433333
salcuta,46.116667,27.3
saldabagiu de barcau,47.3,22.466667
saldabagiu de beius,46.733333,22.166667
saldabagiu de munte,47.083333,21.983333
salestuda,44.483333,23.116667
salha,45.733333,21.866667
salisca,47.216667,23.816667
salistea de sus,47.65,24.35
salistea noua,46.866667,23.483333
salistea,44.566667,23.883333
salistea,45.116667,24.45
saliste-pomezeu,46.733333,22.283333
saliste,46.433333,22.55
saliste,46.65,23.583333
saliste,47.5,23.116667
salistioara,46,22.816667
salnita,47.416667,23.666667
salomesta,47.833333,25.366667
salsig,47.533333,23.3
saltanesti,44.533333,24.433333
salva,47.3,24.35
samaila,44.866667,25.1
samarinesti,44.75,23.05
sambata-de jos,45.8,24.816667
sambata-de-sus,45.75,24.816667
sambata,46.8,22.2
sambateni,46.133333,21.516667
samboeni,47.033333,24.066667
samboleni,46.816667,24.116667
sambotin,45.133333,23.333333
sambotin,45.183333,24.383333
samburesti,44.8,24.416667
samejude,46.933333,23.983333
sameschdorf,46,22.45
sampetru almasului,47.066667,23.35
samsud,47.35,22.95
sanandrei,45.853056,21.168056
sanatesti,45.1,23.133333
sanatoriu nifon,45.283333,26.583333
sanbenedict,46.316667,24.05
sancel,46.2,23.95
sancrai,46.283333,23.75
sancrai,45.816667,25.75
sancrai,45.75,22.983333
sancraiu-almasului,46.966667,23.35
sancraiul,47.3,23.15
sanculesti,44.816667,24.133333
sandra,47.566667,22.916667
sanduleni,46.45,26.733333
sandulesti,46.583333,23.716667
sandulita,44.416667,26.65
sangatin,45.916667,23.85
sangeorgiul de campie,46.716667,24.3
sangeorgiul-de-meses,47.033333,23
sangeorzul-nou,46.966667,24.366667
sangeroasa,46.966667,25.716667
sanger,47.383333,27.233333
saniacob,47.05,24.3
saniacob,46.416667,24.133333
sanicoara,46.783333,23.716667
sanislau,47.633333,22.333333
sanlazar,47.3,22.25
sanleani,46.2,21.383333
sanmarghita,47.15,23.983333
sanmarghita,46.483333,24.366667
sanmartin beius,46.683333,22.316667
sanmartin,46.416667,21.35
sanmartin,47.016667,24.083333
sanmartinu-de campie,46.716667,24.416667
sanmiclaus,46.25,24.05
sanmiclauus,47.633333,22.6
sanmihaiul-almasului,47.016667,23.3
sannicoara,45.983333,24.133333
sannicolaul de beius,46.683333,22.116667
sannicolaul-de-munte,47.3,22.133333
sanovita,45.797778,21.724722
sanpaul,46.883333,23.416667
sanpaul,46.45,24.35
sanpetru,45.55,22.916667
sansimion,46.5,24.833333
santamaria-de piatra,45.766667,23.016667
santa-maria,47.616667,27.35
santamaria,46.233333,24.15
santa-maria,47.033333,23.2
santana-de-mures,46.35,21.5
santandrei,47.066667,21.866667
santandrei,45.85,22.966667
santaul-mare,47.166667,21.85
santaul-mic,47.133333,21.833333
santau,47.516667,22.516667
santelena,44.722778,21.713333
santimbru,46.133333,23.65
santimrau,47.25,22.05
santioana,46.983333,24.016667
santioana,46.283333,24.55
santionlunca,45.816667,25.866667
santion,47.1,21.85
santmartin,47,22
sant,47.45,24.9
santu-florescu,44.733333,26.2
santuhalm,45.85,22.95
sanva*sii,46.5,24.733333
sapaia,47.566667,23.483333
sapanta,47.966667,23.7
sapartoc,46.166667,24.85
sapata,43.883333,23.666667
sapoca-girla,45.25,26.75
sapoveni,47.866667,26.816667
sapunari,44.966667,24.566667
sapunari,44.5,26.833333
saracesti,44.466667,24.366667
saracsaul,45.95,23.3
saradisla,46.683333,23.45
saradis,46.7,23.65
sarafalva,46.066667,20.733333
sarafinesti,47.616667,26.616667
sarai,44.716667,28.15
sarand,47,22.116667
sararestii,44.933333,24.866667
sarari,45.183333,26.133333
sarasau,47.95,23.816667
sarata-basarab,47.95,27.05
sarata-draguseni,48.066667,26.816667
sarata-nenciulesti,45.15,26.633333
sarata noua,46.766667,27.716667
sarata,46.5,26.833333
sarata,47.083333,24.45
sarata,47.05,23.5
sarata,47.7,27.216667
sarata,43.783333,24.033333
sarata,46.983333,26.383333
sarata,45.733333,24.5
sarata,45.116667,24.083333
saratel,47.05,24.416667
saratelui,45.166667,26.1
sarateni-de sus,46.2,27.95
sarateni,46.55,25.016667
saratica,46.9,26.566667
saratile,45.2,26.1
saratul,46.6225,28.236667
saratura,47.633333,22.95
sarauad,47.483333,22.616667
sarazani,45.733333,22.066667
sarba,44.65,24.083333
sarbatoarea,44.3,23.65
sarbenii de jos,44.466667,25.4
sarbestii,45.116667,23.783333
sarbesti,45.116667,23.466667
sarbii-magura,44.55,24.716667
sarbii-sfintesti,44.2,25.1
sarbi,47.183333,22.133333
sarbi,47.95,26.916667
sarbi,45.966667,22.716667
sarbi,47.6,23.35
sarbi,47.25,26.45
sarbi,45.933333,27.316667
sarbi,45.866667,27.066667
sarca-noua,47.266667,26.983333
sarca,47.233333,27.183333
sarcau,47.2,22.15
sardanestii de jos,44.883333,22.883333
sardanestii de sus,44.766667,23.316667
sardanesti,44.766667,23.366667
sardanesti-strimba,44.916667,23.05
sard,46.133333,23.533333
sard,46.266667,24.916667
sardul nirajului,46.55,24.75
sardu,46.866667,23.383333
sarfalu,46,26.183333
sarica-teliteana,45.183333,28.5
sarichioi,44.95,28.85
sarighiol de deal,44.7,28.516667
sarile,45.533333,26.75
sarinasuf,45.016667,29.066667
sarindareanca,44.566667,26.066667
sarindaru de sus,44.683333,26.433333
sarisor,47.266667,25.316667
sarlaul,48.066667,23.133333
saros,46.2,24.55
sarsic,47.25,22.183333
sartas,46.383333,23.3
saru,44.8,25.216667
sarvazal,47.45,22.416667
sasarin,47.216667,24.216667
sasar,47.65,23.5
sasa,44.983333,23.35
sasa,47.383333,23.65
sasausi,46.016667,26.2
sasausi,45.85,24.6
sasca mare,47.433333,26.133333
sasca mica,47.433333,26.166667
sasca montana,44.882778,21.703889
sasca noua,47.466667,26.183333
saschiz,46.183333,24.966667
sascioara,44.8,23.866667
sascut,46.183333,27.066667
sascut-tirg,46.2,27.1
saseni noi,45.2,26.683333
sasesti,46.666667,25.5
sasul,45.7,27.316667
sateni,44.966667,25.416667
satic,45.383333,25.166667
saticu,45.283333,26.666667
satmarel,47.733333,22.8
satmar,47.8,22.883333
satnoeni,45,27.566667
satnoeni,44.233333,27.55
satrareni,47.383333,27.433333
satsugatag,47.8,23.9
satu batrin,45.233333,22.333333
satuc,45.183333,27.15
satu de sus,44.85,25.883333
satu inainte,44.8,27.5
satul-mare,47.833333,26.016667
satul mic,47.583333,22.7
satul nou de jos,47.616667,23.566667
satul nou de sus,47.633333,23.633333
satul-nou,46.633333,21.7
satul nou,45.766667,25.516667
satul nou,44.733333,25.966667
satul-nou,44.266667,28.216667
satul nou,46.216667,26.433333
satul nou,44.95,25.416667
satul nou,44.383333,23.283333
satul nou,44.466667,24.383333
satul nou,45.066667,26.033333
satul nou,44.95,28.666667
satul nou,46.116667,27.016667
satul-nou,46.358056,28.145833
satul-nou,44.166667,27.6
satul-nou,44.483333,24.883333
satu-lung,46.9,23.6
satulung,47.566667,23.433333
satu mare,44.566667,23.266667
satu nou,47.116667,24.616667
satu nou,47.95,26.866667
satu nou,44.966667,27.066667
satu nou,45.566667,27.633333
satu nou,46.933333,27.5
satu nou,46.45,24.516667
satu nou,45.416667,27.3
satu nou,44.083333,25.666667
satu poeni,44.616667,23.933333
sauaeu,46.933333,21.916667
saucani,46.733333,22.266667
sauca,46.316667,24.316667
sauca,46.65,27.6
saucenita,47.883333,26.383333
saucesti,46.616667,26.933333
saula,46.85,23.083333
saulesti,45.866667,22.983333
saulesti,44.8,23.483333
saulia,46.633333,24.216667
sausa,46.5,24.4
sava,46.9,23.966667
savastreni,45.766667,24.95
saveni,47.4,27.25
savestii,47.283333,26.416667
savesti,44.683333,25.616667
savinesti,46.85,26.466667
savirsin,46.016667,22.233333
saxani,44.366667,25.833333
sbarcea,44.283611,26.133333
sberoaia,46.926111,28.038056
sboghitesti,45.316667,24.8
scaeni,45.016667,26.033333
scaesti,44.466667,23.583333
scafari,45.916667,26.883333
scaiosi,44.783333,24.266667
scanteesti,45.683333,27.983333
scanteta,45.816667,27.016667
scapau,44.461389,22.721667
scaricica,46.933333,26.233333
scarisoara noua,47.616667,22.233333
scarisoara,46.283333,27.133333
scarisoara,44,24.566667
scarlatesti,44.966667,27.183333
scarlatesti,44.95,27.4
scaueni,45.266667,24.45
scaunele crusovitei,44.683333,21.8
scheau,44.983333,26.183333
scheia,46.933333,27.516667
scheia,46.6,28.166667
schei,45.283333,25.05
scheiu de jos,44.933333,25.2
scheiu de sus,44.95,25.183333
schela cladovei,44.616667,22.633333
schela,45.166667,23.3
schellenberg,45.766667,24.2
schiaul,44.916667,24.8
schineni,46.65,26.933333
schineta,46.866667,27.25
schinteesti,44.700556,22.666111
schiopata,45.116667,25.633333
schiopeni,45.416667,26.85
schiopeni,46.592778,28.0625
schiopoaia,44.95,26.533333
schipet,45.504722,21.403056
schit-oraseni,47.633333,26.7
schitu-bogdanita,46.5,27.666667
schitu cotesti,45.65,27.033333
schitu-deleni,44.566667,24.333333
schitu din deal,44.5,24.233333
schitu din vale,44.516667,24.233333
schitu-frumoasa,46.633333,26.483333
schitu hadambu,47.016667,27.433333
schitul greci,44.35,24.566667
schitul matei,45.1,24.566667
schitul,43.933333,28.616667
schitul,44.5,23.5
schitul,44.983333,24.5
schitul-scoitesti,44.816667,25.15
schitu,46.066667,27.266667
schitu stavnic,47.066667,27.383333
schitu-zimbru,46.05,27.75
schiulesti,45.283333,25.933333
scoala de agricultura,45.483333,21.15
scoala de agricultura,45.916667,27.433333
scoala,44.616667,24.25
scoarta,45.016667,23.45
scobalteni,47.2,27.283333
scobinti,47.383333,26.933333
scoica,44.8,23.533333
scoposeni,46.920833,28.098056
scorei,45.75,24.533333
scorila,44.35,23.083333
scortarul nou,45.316667,27.6
scortarul vechi,45.216667,27.733333
scorteni,46.55,26.65
scorteni,45.1,25.85
scorusa,44.7,23.333333
scrada,44.883333,23.65
scrind-frasinet,46.75,22.9
scrioastea,44.15,24.95
sculenii vechi,47.3,27.6
sculeni,47.316667,27.616667
sculia,45.45,21.433333
scurtesti,45.133333,26.916667
scurtesti,45.233333,25.9
scurtul,44.35,25.266667
scurtu-slavesti,44.35,25.25
scutari,48.05,26.75
scutaru,46.1,26.633333
seaca batrinu,44.383333,23.333333
seaca de camp,43.933333,23.216667
seaca de padure,44.366667,23.3
seaca,44.916667,23.75
seaca,44.716667,24.45
seaca,45.216667,24.333333
sears,45.933333,24.916667
sebesel,45.883333,23.566667
sebeselul-de-jos,45.65,24.333333
sebeselul-de-sus,45.65,24.35
sebes,47.016667,24.733333
sebes,45.716667,25.033333
sebestorony,46.25,21.133333
secara,43.85,25.083333
secaria,45.283333,25.683333
secaseni,45.179722,21.702222
secas,45.885,21.819167
seceani,45.983333,21.316667
secheresa,47.466667,22.8
seciuri,45.233333,25.716667
seciu,44.8,23.983333
secueni-cuciulati,46.85,26.833333
secuia,46.566667,27.8
secuiul,44.2,23.866667
seculesti,44.55,23.883333
secul,44.466667,23.3
secul,46.883333,26.033333
securicea,44.471944,22.718056
securiceni,47.583333,26.333333
secusigiul,46.083333,20.983333
sederhat,46.216667,21.15
segarcea deal,43.833333,24.833333
segarcea-din-vale,43.816667,24.8
segarcea,44.1,23.75
segarcea,44.433333,24.283333
seghica,46.216667,27.433333
segletu,44.266667,23.416667
segyest,46.533333,22.483333
seica mica,46.05,24.133333
seimenii mari,44.383333,28.066667
seimenii mici,44.366667,28.066667
seineasca,45.083333,27
seini,47.75,23.283333
selari,45.283333,25.1
selarul,44.466667,25.3
seleus,46.383333,21.716667
seleus,47.016667,21.966667
seleus,46.35,24.583333
seleusul,46.25,24.7
selistat,45.983333,24.85
selistea,48.133333,26.683333
selisteni,44.666667,22.85
seliste,47.183333,22.233333
semenea,46.616667,27.366667
semlac,46.116667,20.933333
sendreni,47.533333,26.866667
sendreni,45.4,27.916667
sendreni,47.366667,27.566667
sendresti-razesi,46.383333,27.433333
sendresti,46.383333,27.416667
sendrulesti,45.216667,24.55
senereus,46.333333,24.65
senetea,46.683333,25.583333
seprenita,48.033333,27.1
sepreus,46.566667,21.733333
sepsiszentgyorgy,45.866667,25.783333
serbaia,46.2,23.05
serbaneasa,45.066667,25.566667
serbaneasa,44.983333,24.383333
serbaneasca,44.283333,26.45
serbanesti-de-jos,44.333333,24.7
serbanestii,46.166667,27.283333
serbanesti-patesti,45.283333,24.366667
serbanesti,44.683333,25
serbanesti,46.583333,26.933333
serbanesti,45.616667,27.533333
serbanesti,44.583333,24.25
serbanesti,47.816667,26.316667
serbanica,44.383333,26.233333
serban voda,44.383333,26.083333
serbauti,47.816667,26.15
serbeni,46.716667,24.866667
serbestii,45.916667,26.966667
serbestii vechi,45.416667,27.866667
serbesti,46.7,26.916667
serbesti,46.866667,27.85
serbesti,46.983333,26.516667
serboenii,44.633333,24.9
serbotesti,46.816667,27.766667
sercaia,45.833333,25.133333
serdanul,44.633333,25.616667
seredeiul,47.1,22.95
serel,45.483333,23.05
seret,47.95,26.066667
serpeni,46.616667,26.7
ser,47.383333,22.966667
sesu poeni,47.633333,24.766667
sesuri,46.1,22.933333
setrari,44.9,24.566667
seuca,45.016667,23.05
seulia,46.416667,24.25
seusa,46.05,23.633333
severinesti,44.695833,22.9375
sfacarul,45.1,26.15
sfantu gheorghe nou,45.166667,26.533333
sfantu gheorghe,44.015278,26.031111
sfantu-gheorghe,44.65,26.833333
sfantu-ilie,47.633333,26.216667
sfantu-vasile,44.65,27.8
sfaras,46.9,23.1
sfarcea,44.483333,23.55
sfarleanca,45.1,26
sfirnas,47.233333,22.1
sfistofca,45.3,29.583333
sfoartea,46.533333,22.85
sfodea,44.8575,22.600556
sfoot,45.95,23.333333
sgirciti,45.4,27.016667
sgripcesti,44.933333,25.066667
siacu,44.75,23.166667
siad,46.6,21.983333
siberia,44.083333,24.683333
sibeselul vechiu,45.75,23.25
sibiel,45.766667,23.916667
sibisani,45.983333,23.483333
sibisel,45.483333,22.866667
sichevita,44.735,21.848611
siciu,47.25,22.883333
siclaul,46.483333,21.366667
siclod-coasta,46.566667,25.016667
siclod,46.516667,25.05
sicrita,44.833333,26.183333
sic,46.933333,23.883333
sicula,46.433333,21.75
sieul odorhei,47.15,24.316667
sieul,47.083333,24.383333
sieul,47.716667,24.216667
sieu-magherus-vale,47.116667,24.383333
sieu sfantu,47.15,24.3
sieu,46.983333,24.65
sigaul,47.1,23.716667
sighireanul,44.433333,26.95
sighistel,46.516667,22.533333
sigmir,47.133333,24.416667
sihleanul,45.35,27.65
sihlea,45.5,27.116667
silea,46.316667,24.116667
silindia,46.35,21.916667
silinesti,47.566667,27.416667
siliscani,47.733333,26.866667
silistea crucii,44.033333,23.483333
silistea dealului,45.016667,25.716667
silistea gumesti,44.383333,25
silistea mica,44.366667,25.316667
silistea,44.733333,25.033333
silistea,46.766667,26.683333
silistea,47.733333,26.75
silistea,44.4,28.166667
silistea,44.8,25.45
silistea,47.516667,26.516667
silistea,46.433333,27.566667
silistea,45.733333,27.433333
silistea,44.383333,25.35
silisteni,44.716667,24.783333
siliste,46.316667,27
silistioara,43.783333,24.55
silistrarul,45.166667,27.8
silivas,46.333333,23.866667
silivas,46.983333,23.866667
silivestru,44.3,26.633333
silivistrianca,44.683333,25.183333
silvas,47.483333,22.516667
silvasu de jos,45.65,22.933333
silvasu de sus,45.65,22.883333
simand,46.433333,21.45
simandu de jos,46.416667,21.45
simeria,45.85,23.016667
simeria veche,45.816667,23.05
simian,47.483333,22.1
simian,44.614167,22.707222
similanca,45.166667,26.8
similisoara,46.516667,27.616667
siminicea,47.7,26.4
siminoc,44.166667,28.35
simionesti,47.066667,24.5
simionesti,46.966667,26.866667
simisna,47.216667,23.616667
simleul silvaiei,47.233333,22.8
simnicu de jos,44.366667,23.816667
simnicu de sus,44.383333,23.8
simon,45.483333,25.35
sinautii de jos,47.983333,26.133333
sinca,47.433333,26.15
sinca veche,45.766667,25.166667
sindresti,47.6,23.7
sindrilari,45.783333,26.883333
sindrilita,44.516667,26.316667
sineesti,45.5,26.733333
sinerseg,45.666667,21.716667
sinestii noi,44.566667,26.383333
sinesti,47.116667,27.183333
sinesti,44.95,23.85
sinesti,44.466667,24.666667
singureni,44.233611,25.943333
sintea mare,46.516667,21.6
sintea mica,46.416667,21.6
sintejude vale,46.966667,24
sintereag,47.183333,24.3
sintesti,45.866667,22.25
sintesti,44.303056,26.118611
sipeni,46.133333,27.966667
sipotele,47.466667,27.216667
sipotele,44.5,22.916667
sipotele,45.766667,26.783333
sipotelul,44.7,23.516667
sipotenii,46.416667,26.466667
sipote,46.683333,26.683333
sipote,46.15,27.9
sipotul,45.1,25.316667
sipotul,44.983333,22.716667
sipotu,45.033333,26.016667
sirbesti,46.5,22.483333
sirbi,47.066667,22.8
sirbi,45.516667,21.916667
sirenea,45.466667,25.25
siria,46.266667,21.633333
sirinia,44.616667,22.016667
sirioara,47.1,24.283333
siriul,44.633333,28.183333
siroca,44.826944,22.610278
sisestii de jos,44.7775,22.839444
sisestii de sus,44.783333,22.833333
sisesti,45.066667,23.3
sisesti,47.633333,23.7
sistaroc,46.016667,21.733333
sisterea,47.15,22.083333
sitani,46.8,22.3
sita,47.316667,24.183333
sitesti,45.15,23.666667
sititelec,46.866667,21.9
sitoaia,44.416667,23.733333
slamnestii,45.283333,24.783333
slanic,45.25,25.933333
slanilesti,46.618333,28.171389
slasoma,44.416667,23.05
slatina,44.433333,24.366667
slatina,45.366667,24.8
slatina-timis,45.25,22.283333
slatinicu mare,44.6,23.216667
slatinicu mic,44.583333,23.2
slatinioara,45.4,23.383333
slatinita,47.216667,24.55
slatioara,47.75,24.1
slatioara,44.4,24.316667
slatioara,47.383333,26.1
slatioarele,44.866667,24.75
slatioarele,44.783333,26.516667
slava rusa,44.85,28.6
slavesti,44.333333,25.183333
slavitesti,44.933333,24.233333
slavuta,44.7,23.683333
slimnic,45.5,27.05
slivna,46.083333,27.933333
slobozia-balaneasa,45.933333,27.466667
slobozia-bivol,48.25,26.7
slobozia-botesti,45.516667,27.416667
slobozia-ciresu,44.966667,27.35
slobozia-corni,45.983333,27.466667
slobozia de jos,46.483333,27.3
slobozia de sus,46.483333,27.233333
slobozia-hanesti,47.916667,27
slobozia-hintesti,47.8,26.316667
slobozia movilei,45.533333,27.966667
slobozia noua,47.85,27.083333
slobozia noua,44.6,27.383333
slobozia-oancea,45.883333,28.1
slobozia-pruncului,47.75,26.066667
slobozia,47.566667,26.55
slobozia,45.033333,23.233333
slobozia,44.566667,27.366667
slobozia,46.983333,27.733333
slobozia,46.85,26.533333
slobozia,43.85,25.9
slobozia trasnitul,44.433333,25.116667
slobozia-umbraresti,45.7,27.5
slon,45.35,26.033333
slovacii,47.366667,22.683333
slujitorii-albesti,44.95,27.483333
sluti,45.633333,27.066667
smadivicioara,44.483333,23.283333
smadovicioara,44.483333,23.183333
smadovita,44.466667,23.2
smardan,48.083333,26.466667
smardan,43.933889,22.963056
smardan,45.483333,27.933333
smardan,44.216667,27.1
smardan,44.016667,24.633333
smardioasa,43.85,25.433333
smardostetul,44.353889,22.822222
smeeni,44.983333,26.85
smei,44.733333,24.85
smeura,44.833333,24.816667
smeuret,45.35,26.133333
smig,46.216667,24.433333
smirna,44.716667,27.35
smulti,45.933333,27.75
snamana,45.183333,24.466667
soala,46.05,24.266667
socariciul,44.266667,27.633333
socea,46.733333,26.55
socenii,45.374444,21.946667
soceni,44.7,23.75
socet,45.766667,22.666667
socet,47.166667,22.483333
socetu,44.2,24.85
soci,46.4,27.133333
soci,47.183333,26.633333
soci,47.016667,26.5
socoalele,44.466667,27.15
socodor,46.516667,21.433333
socodor,44.933333,22.716667
socolari,44.951389,21.726944
socolovati,44.860833,21.370278
socond,47.566667,22.95
soconzel,47.516667,23
socoteni,44.666667,23.683333
socul,44.883333,23.5
sodomeni,47.216667,26.7
sofraceni,45.1,23.366667
sofracesti,46.866667,26.866667
sofronea,46.266667,21.3
sofronesti,46.883333,27.366667
sohodol-lazu,46.783333,22.416667
sohodol-peles,45.733333,22.666667
sohodol poiana,46.3,22.983333
sohodol,45.516667,25.4
sohodolul,45.166667,23.783333
sohodolu,45.05,22.9
sohodol valea verd,46.3,22.966667
soimaresti,47.3,26.45
soimari,45.183333,26.2
soimeni,46.95,23.533333
soimescu,45.033333,26.3
soimos,46.1,21.716667
soimul,43.833333,25.433333
soimuseni,47.333333,23.383333
soimus-petreasa,46.716667,22.35
soimus,46.216667,23.783333
soimus,47.05,24.616667
soimus,46.383333,24.583333
soimus,45.916667,22.9
soimus,47.3,23.183333
solacolu,44.383333,26.566667
solca,47.7,25.85
soldana,45.416667,27.983333
soldana,47.483333,27.283333
soldanesti,47.733333,26.916667
soldanesti,47.45,26.333333
soldanul,44.216667,26.516667
solesti,46.766667,27.783333
solocma,46.483333,24.983333
solomon,47.166667,23.416667
solona,47.266667,23.4
solonet,47.5,27.45
solonet,47.7,26.033333
solonetul nou,47.65,26.85
solonetu-maidan,47.65,25.85
somanesti,44.966667,23.116667
somartin,45.85,24.666667
somcuta mare,47.516667,23.466667
somcutul-mic,47.15,23.75
someseni,46.783333,23.65
someseni,47.75,23.2
somes-guruslau,47.316667,23.3
somes-odorhei,47.316667,23.266667
somesu cald,46.733333,23.333333
somes-uileac,47.466667,23.233333
somesul-rece,46.733333,23.366667
somesu-uzina,46.716667,23.366667
somfalau,46.9,23.333333
somosches,46.566667,21.85
somosd,46.45,24.583333
somostelnic,46.383333,24.383333
somova,45.183333,28.666667
somusca,46.4,26.9
sona,46.216667,24.016667
sona,45.85,25.05
soparlita,44.283333,24.283333
sopolul,44.416667,23.5
soporu de cimpie,46.7,24
sopotu vechi,44.879167,21.990556
soptana,45.1,24.783333
soratul,44.966667,23.85
sorca,47.35,27.583333
soresti,45.283333,26.816667
soricaru,45.016667,24.433333
soroceni,47.783333,26.816667
sorogani,47.216667,27.566667
sorusa,47.283333,22.766667
sosdea noua,45.466667,21.55
sosdea,45.452222,21.520556
soseaua natianala,46.266667,27.066667
sotanga,44.983333,25.366667
sotarcari,45.616667,26.966667
sotrile campineanului,45.2,25.716667
sotrile,45.216667,25.716667
sovarna de jos,44.853611,22.7925
sovarna de sus,44.85,22.783333
spahii,44.683333,23.516667
spalaresti,47.433333,26.316667
spalnaca,46.333333,23.9
spanesti,44.266667,25.566667
spantov,44.116667,26.783333
sparleni,44.7,24.133333
spatac,46.133333,23.933333
spatareasa,45.416667,27.283333
spatarei,43.883333,25.116667
spatari,46.566667,27.716667
spatarul,44.7,24.416667
spataru,45.083333,26.766667
sperieteni,44.766667,25.45
sperietii,45.95,27.116667
sperlesti,44.65,23.016667
speteni,44.65,26.616667
spidele,45.516667,26.833333
spiesti,47.15,26.6
spineni,46.316667,21.8
spineni,44.7,24.566667
spineni,47.5,27.316667
spinestii,45.9,26.7
spini,45.833333,23.083333
spinoasa,47.266667,27.183333
spinus,47.2,22.2
spira de jos,46.6,27.25
spira de sus,46.616667,27.266667
spiridonesti,46.783333,26.933333
spiridoni,44.966667,24.6
sprancenata,44.083333,24.633333
staiculesti,44.583333,24.116667
staieru bosneagului,44.733333,21.683333
stalpul,45.083333,26.716667
stalpul,44.267222,25.849722
stana,46.883333,23.133333
stana,47.15,23.133333
stana,47.516667,22.966667
stancaseni,46.516667,27.466667
stanca,48.05,26.55
stanca,44.883333,27.816667
stanca,47.216667,26.15
stanca,47.816667,26.283333
stancea,44.133333,26.8
stancestii,44.85,25.9
stancesti-ohaba,45.883333,22.65
stancesti,45.116667,26.916667
stancesti,45.183333,23.466667
stancilova,44.843056,21.815556
stancolesti,46.3,22.733333
stanculesti,44.783333,23.966667
stancuta,44.9,27.833333
stancuta,47.8,26.283333
stanestii,45.233333,24.833333
stanesti,46.533333,26.516667
stanesti,47.65,27
stanesti,44.45,23.216667
stanesti,44.3,26.416667
stanesti,43.916667,25.833333
stangaceaua,44.6,23.316667
stanija,46.166667,22.966667
stanila,45.416667,26.35
stanisesti,46.433333,27.3
stanislavesti,44.766667,24.983333
stanisoara,45.983333,23.35
stanomiru,44.733333,23.866667
stanuleasa,44.816667,24.416667
starchiojd,45.316667,26.183333
starcii-de jos,44.683333,24.833333
starcii-de sus,44.666667,24.85
starita,43.866667,25.266667
statestii,45.083333,25.5
statiunea climaterica simbata,45.766667,24.816667
statulestii,44.85,25.466667
stauceni,47.716667,26.75
stavarul,43.866667,24.25
stavropoleos,44.983333,25.616667
stavropolia,44.633333,25.383333
stefan cel mare,44.3,28.083333
stefan cel mare,44.225833,25.665
stefan cel mare,46.716667,27.633333
stefan cel mare,44.5,25.25
stefanelele,44.416667,23.4
stefanesci,47.8,27.2
stefanesti-de-jos,44.533333,26.2
stefanesti-sat,47.783333,27.183333
stefanesti,44.983333,23.566667
stefanesti,45.65,21.766667
stefanesti,44.516667,26.733333
stefesti,45.216667,25.9
steia,45.583333,22.75
steic,44.835278,22.918889
steierdorfanina,45.061389,21.855556
stejari,45.033333,24.716667
stejarul,46.9,26.166667
stejarul,44.35,24.383333
stejarul,44.833333,25.966667
stejera,47.45,23.433333
stejerei,44.933333,23.116667
stejeretul,44.9,24.8
stenea,45.966667,24.233333
sterea,44.324444,25.733056
sterianu de jos,44.7,25.866667
sterianu de sus,44.683333,25.85
sterpoaia,44.783333,23.433333
stezeroja,47.533333,26.083333
sticlaria,47.4,26.833333
sticlaria,45.116667,24.4
stignita,44.494722,23
stincani,44.833333,23.033333
stinca,47.1,27.8
stioborani,46.75,27.85
stirbat,47.55,26.5
stirbeti,44.183333,24.933333
stircovita,44.35,23.016667
stiubeele,45.066667,25.533333
stiubeeni,47.966667,26.783333
stiubei,45.066667,27.066667
stiubei,44.316667,23.35
stiubei,45.216667,26
stiucani,44.75,22.85
stoasesti,46.35,27.85
stobarasti,44.35,24.783333
stoboru,46.933333,23.283333
stoeneasa,46,22.85
stoenestii,44.116667,24.5
stoenestii,45.25,25.166667
stoenesti,44.8,28.033333
stoenesti,44.916667,25.883333
stoenesti,44.266667,27.366667
stoenesti,44.144444,25.895
stoenita,44.683333,23.616667
stoenoaia,44.583333,26.316667
stoiana,47.016667,23.683333
stoicanenesti,44.866667,24.283333
stoicanesti,44.183333,24.633333
stoicani,45.7,28.083333
stoiceni,47.516667,23.883333
stolna,46.7,23.4
stolniceni-ghitescu,47.383333,26.766667
stolniceni-prajescu,47.2,26.733333
stolniceni,45.033333,24.3
stolnici,47.566667,27.25
stolnici,44.566667,24.783333
stolojani-jiu,44.666667,23.383333
stolojani,45.05,23.15
strachina,47.95,26.333333
strachina,44.633333,27.633333
strachinesti,44.9,23.833333
stracos,46.916667,22.133333
strahotin,47.85,26.95
straja,46.066667,23.683333
straja,46.433333,26.366667
straja,47.916667,25.55
strajeni,45.15,26.483333
strajestii-de-jos,44.533333,24.266667
strajestii-de-sus,44.55,24.216667
stramba-de-jiu,44.75,23.333333
stramba,46.216667,22.633333
stramba,46.716667,27.116667
stramba,45.083333,25.266667
stramba,44.2,24.083333
stramba,47.066667,23.383333
stramba,46.166667,27.333333
stramba,45.6,26.933333
strambeni,44.7,24.95
strambeni,44.466667,24.966667
strambul,45.016667,27.2
strambul,47.35,23.95
straminoasa de jos,46.633333,27.283333
stramptu,44.783333,23.1
stramtura,47.783333,24.133333
stramtura,47.583333,25.666667
stranoanii-de jos,45.933333,27.05
straoane de sus,45.95,27.033333
straosti,45.066667,26.216667
stratonesti,44.816667,25.2
straut din jos,46.266667,22.783333
stravolea,45.066667,27.316667
strehaia,44.616667,23.2
strei sacel,45.75,23.016667
strei-sangeorgiu,45.716667,23.016667
strei,45.716667,22.983333
strejnic,44.916667,25.95
stremt,47.483333,23.083333
streneac,44.725556,21.756944
stretea,45.933333,22.583333
strigoanea,45.866667,22.616667
stroestii,45.133333,24.783333
stroesti,47.616667,26.966667
stroesti,45.05,23.166667
stroesti,45.083333,23.9
stroesti,47.616667,26.133333
stroesti,46.716667,27.966667
stroesti,45.816667,26.766667
stroesti,44.683333,26.416667
strugari,46.533333,26.716667
strugasca,45.1,22.433333
strugureni,46.983333,24.2
strunga,47.166667,26.983333
studinita,43.983333,24.416667
stufu,46.433333,26.766667
stuhulet,46.415,28.066111
stulpicani,47.466667,25.766667
stuparai,45.016667,24.283333
stupeni,46.383333,27.4
stupina,45.45,27.433333
stupina,44.55,24.15
stupina,45.216667,24.283333
stupini,46.883333,24.383333
suaras,47.133333,23.716667
subcetate,47.1,22.7
subpadure,46.366667,24.316667
sub pogara,45.066667,22.45
suceag,46.783333,23.466667
suceveni,46.012222,28.018056
suceveni,46.533333,27.65
sucevita,47.783333,25.716667
suchea,45.416667,26.583333
suditi,45.016667,26.8
suditi,44.583333,27.6
suditi,44.733333,26.3
sudrias,45.783333,22.033333
suduleni,45.05,25.283333
sudurau,47.533333,22.45
suesti,44.866667,24.066667
suhaia,43.733333,25.25
suharau,48.133333,26.416667
suharu,44.266667,23.383333
suha,47.416667,26.05
suhulet,46.9,27.25
suica de jos,44.616667,24.566667
suica de sus,44.633333,24.566667
suletea,46.283333,27.9
sulighete,45.966667,22.8
sulina,45.15,29.666667
sulitoaia,47.65,26.933333
sultana,44.25,26.866667
sulta,46.466667,26.233333
sumal,47.283333,22.566667
sumcuius,46.933333,22.533333
sumica,44.65,21.75
sumugiu,46.883333,21.966667
sumurducu,46.866667,23.45
sunator,47.383333,25.483333
suncuis,46.666667,22.25
supanul,46.416667,26.416667
suplac,46.7,22.116667
suplac,46.383333,24.516667
suplai,47.433333,24.266667
supuru de sus,47.433333,22.766667
suraia,45.683333,27.4
surani,45.2,26.166667
surcea,45.883333,26.083333
surdeni,45.066667,24.966667
surdestii,45.183333,25.633333
surdesti,47.6,23.766667
surdila-gaiseanca,45.066667,27.333333
surdoiu,45.35,24.416667
surducel,46.966667,22.283333
surduc,46.966667,22.2
surduc,45.266667,21.583333
surduc,46.533333,23.55
surduc,47.25,23.35
surducul-mic,45.766667,22.1
surdulesti,44.383333,24.95
surina,46.683333,26.783333
surlari,44.566667,26.316667
surpatele,45.05,24.183333
surpati,45.2,24.483333
surpenii,44.666667,24.55
susag,46.616667,21.916667
susam,46.45,22.183333
susani-de-sus,44.6,24.083333
susanii de jos,44.583333,24.1
susca,44.783611,21.529722
susd,46.5,22.45
susenii bargaului,47.216667,24.7
suseni,45.95,23.25
suseni,44.716667,24.95
suseni,45.133333,23.2
suseni,46.15,26.733333
suseni,45.166667,24.166667
suseni,44.451111,25.685278
susica,44.72,22.596667
susita,44.616667,23.35
suslanesti,45.233333,25.116667
sustorog,47.133333,22.116667
sustra,45.783333,21.583333
suta seaca,44.833333,25.4
sutesti,45.216667,27.433333
sutor,46.983333,23.25
sutu,46.616667,23.533333
suveica,46.433333,24.716667
suzeni,44.766667,25.783333
svinita,44.499722,22.106111
szabalcs,46.016667,21.916667
szaka,46.65,22.466667
szaltelek,46.583333,24.416667
szaparyfalva,45.766667,21.85
szarazpatak,46.083333,26.116667
szarvasag,46.033333,22.15
szekelydalya,46.2,25.3
szekelyszentmihaly,46.366667,25.183333
szekelyszenttamas,46.35,25.283333
szekelytompa,46.533333,24.766667
szekelyvarsag,46.516667,25.35
szekeylveczke,46.35,24.783333
szentharomsag,46.483333,24.766667
szentlaszlo,46.216667,25.266667
szod,46.616667,22.483333
szohodol,46.433333,22.483333
tabacari,45.433333,27
tabacestii,46.166667,27.433333
tabaci,44.45,23.95
tabarastii vechi,45.066667,26.916667
tabara,47.566667,27.4
tabara,46.816667,27.033333
tacau,44.95,27.933333
taceul mic,48,23.583333
tacuta,46.916667,27.683333
taetura-barbosi,46.516667,27.933333
taetura,46.3,25.2
taetura,47.083333,26.6
taga,46.95,24.05
tagsorul,46.783333,24.233333
tagul,46.816667,24.233333
taia,45.466667,23.416667
talaba,44.116667,26.466667
talacs,46.283333,22.483333
talapani,45.95,26.983333
talapanu,44.583333,23.233333
talea,45.216667,25.55
talmacel,45.633333,24.233333
talmaciu,46.6,21.883333
talpa bacoveni,44.266667,25.316667
talpa-ionesti,44.3,25.283333
talpalai,46.916667,27.15
talpa postei,44.316667,25.283333
talpasesti,45.016667,23.166667
talpasiu,44.666667,23.733333
talpa,46.516667,26.85
talpa,47.716667,26.85
talpa,47.9,26.233333
talpiga,46.016667,27.466667
talpigeni,46.833333,27.9
talpi,46.65,22.416667
talpos,46.683333,21.8
talvesti,44.95,23.233333
tamadau de jos,44.466667,26.566667
tamadaul-mare,44.466667,26.55
tamaia,47.6,23.366667
tamaoani,45.683333,28.066667
tamasasa,45.8,23.15
tamasa,46.95,23.183333
tamasau,47.216667,21.933333
tamasda,46.633333,21.55
tamaseni,46.983333,26.933333
tamaseni,48.016667,23.15
tamaseni,45.716667,27.45
tamasesti,45,23.2
tamasesti,47.516667,23.2
tamasesti,44.266667,25.55
tamasfalau,45.883333,26.116667
tamasii-orascu,44.583333,26
tamasi,46.483333,26.983333
tamasoaia,46.133333,27
tamburesti,44.033333,23.933333
tamna,44.566667,23.016667
tampa,45.816667,23.016667
tampeni de-jos,44.366667,24.633333
tampenii de sus,44.383333,24.633333
tampesti,47.05,26.566667
tanacul,46.683333,27.816667
tancanau,44.233333,23.483333
tandarei-gara,44.65,27.65
tandarei,44.65,27.666667
tanganul-moara,44.383333,26.316667
tangarul,44.15,25.883333
tansa,46.916667,27.233333
tantanir,45.383333,29.033333
tantarea,44.6,23.483333
tantareni,44.966667,26.033333
tantarul,44.533333,23.333333
tantava balasoaia,44.416667,25.833333
tantava,44.415278,25.829444
taplaul,46.033333,27.483333
tapul,46.066667,24.083333
tarani,44.9,26.033333
taranyos,46.85,22.833333
tarata,46.566667,26.6
taratel,46.116667,22.85
taratu,45.7,26.883333
tarbesti,44.366667,24
tarcanesti,44.65,24
tarcea,47.45,22.183333
tarcesti,46.366667,25.133333
tarculesti,44.933333,23.333333
tardenii mari,46.683333,26.583333
targsorul-vechi,44.866667,25.916667
targu carbunesti,44.95,23.516667
targu-carcinov,44.816667,25.083333
targu-frumos,47.2,27
targu-lapus,47.45,23.866667
targul-ocna,46.283333,26.616667
targul trotusului,46.266667,26.666667
targusor,47.383333,22.166667
targusor,47,24.05
targusor,46.25,27.083333
tarian,47.066667,21.8
tariceni,44.3,26.816667
tariceni,44.783333,25.966667
tarina bulanceni,47.416667,26.883333
tarina,46.316667,23.133333
tarlesti,44.7,24.883333
tarlesti,45.25,26.216667
tarlugeni,45.633333,25.75
tarna mare,47.483333,26.333333
tarnava de jos,44.15,25.566667
tarnava,45.966667,22.783333
tarnava,44.183333,23.55
tarnava,44.139444,25.568333
tarnavita,45.95,22.783333
tarnita,46.166667,23.066667
tarnita,46.983333,27.183333
tarnita,44.983333,22.833333
tarnova,45.3425,22.006111
tarpesti,47.15,26.416667
tarpiul,47.183333,24.4
tarpiu,47.15,23.766667
tarsa,45.616667,23.15
tarsa,44.55,23.283333
tarsesti,44.95,24.716667
tarsolt,47.95,23.35
tartalau,44.2,24.116667
tartaria,45.933333,23.416667
tartasesti,44.577222,25.812778
tarzii,46.566667,27.866667
tasca,46.9,26.016667
taslaul de jos,46.55,26.466667
tasnadul nou,47.516667,22.566667
tatarai,44.733333,25.916667
tatarai,44.6,24.55
tatarani,45,25.266667
tatarani,46.7,27.966667
tataranu,45.516667,27.316667
tataraseni,48.066667,26.683333
tatarca,45.616667,28.033333
tatareni,46.8,27.666667
tataresti,45.95,22.5
tataresti,47.683333,23
tatarir,45.5,27.466667
tatarlaua,46.2,24.166667
tatarul,47.333333,25.1
tatarul,44.85,27.433333
tataru,45.1,26.333333
tatirligu,45.316667,26.6
tatlageac mic,44.516667,23.6
tatoaie,47.383333,26.716667
tatomiresti,46.9,27.533333
tatomir,45.35,29.066667
tatulesti,44.633333,24.633333
tau bistra,45.683333,23.6
tauca,45.866667,26.65
taudu,46.983333,23.05
taula,46.45,27.266667
tauni,46.15,24.133333
taure,47.2,24.316667
taur,46.283333,21.916667
tausanca,44.15,26.716667
tauseni,46.866667,23.916667
tautau,47.266667,22.333333
tautelec,47.15,22.033333
tautesti,47.916667,26.75
tautesti,47.233333,27.466667
tautesti,47.85,26.233333
tautii de sus,47.65,23.65
tautii magherus,47.65,23.483333
tautii,46.716667,23.5
tauti,46.1,23.466667
tazlaul,46.716667,26.466667
teaca,46.916667,24.516667
teasca,47.716667,26.683333
tebea,46.15,22.733333
techea,47.05,22.316667
techereul,46.083333,23.066667
techi-deresi,43.966667,27.733333
tecsesti,46.266667,23.466667
tecucelul sec de jos,45.983333,27.316667
tecuci-kalinderu,44.35,24.85
tecuci,45.866667,27.416667
tecusu vechi,45.933333,25.1
tega,45.266667,26.366667
teghea,47.583333,22.733333
teghes,44.379167,25.867778
tehomir,44.8,23.083333
teica,45.1,24.283333
teioasa,48.216667,26.583333
teisani,44.366667,23.883333
teisani,45.233333,25.983333
teis nou,44.966667,25.4
teisoara,47.833333,26.616667
teisoru,46.6,27.583333
teisul,44.35,24.133333
teisu,44.933333,25.433333
teiu din deal,44.666667,25.1
teiu din vale,44.65,25.133333
teiul,44.9,24.283333
teius,46.316667,26.966667
teius,44.633333,24.533333
teiusul,45.083333,24.25
teiu,46.483333,22.966667
teiu,45.9,22.5
teiu,44.25,23.283333
tejgheaua,44.316667,26.566667
tekeropatak,46.683333,25.6
tela,45.983333,22.066667
telcisor,47.433333,24.4
teleac,46.25,25.316667
teleasa,44.683333,24.883333
telechia,45.866667,26.033333
telechiu,47.05,22.266667
telec,46.866667,25.883333
telejna de jos,46.783333,27.65
telejna de sus,46.783333,27.633333
telek,46.65,22.433333
teleormanu,43.966667,25.466667
telesmani,44.8,24.55
telesti-birnici,45,23.083333
telestii-mosteni,45.016667,23.083333
telesti,44.683333,24.866667
telesti,44.9,25.233333
telina,46.083333,24.9
telita,45.15,28.566667
teliuc,45.716667,22.883333
teliucul superior,45.7,22.883333
telna,46.166667,23.5
temeresti,45.866667,22.216667
temesd,46.05,22.266667
temeshodos,45.9,21.65
temesujlak,45.683333,21.366667
temesujnep,45.654167,21.334444
temesvukovar,45.616667,21.516667
temisani,44.883333,23.116667
tentea,47,24.133333
teodoreni,44.45,22.8
teodorestii,44.966667,24.333333
tepesani,46.85,25.916667
tepes voda,45.166667,27.616667
tepoaia,46.316667,27.35
tepu de jos,45.966667,27.366667
tepu de sus,45.983333,27.366667
terca,45.516667,26.533333
teregova,45.15,22.283333
tereujani,44.883333,23.75
terezita,44.283333,23.516667
terje,47.233333,22.266667
terova,44.993333,22.153889
tescani,46.516667,26.65
tesfalu,45.85,21.65
tesila,45.3,25.7
teslui,44.516667,24.366667
tetcani,47.033333,26.833333
tetcoiul,44.683333,25.433333
tetis,46.9,23.033333
tia mare,43.866667,24.633333
tibanestii-buhlei,46.866667,27.233333
tibanesti,44.983333,27.8
tibanesti,46.916667,27.333333
tibaresti,46.583333,26.566667
tibeni,47.816667,26.033333
tibod,46.35,25.3
tibor,46.2,23.566667
tibucani-de-jos,47.1,26.583333
tibucani-de-sus,47.1,26.533333
ticau,46.916667,23.25
ticau,47.433333,23.3
tichilesti,45.116667,27.9
tichilesti,44.616667,28.083333
tichilesti,45.266667,28.366667
tichindeal,45.866667,24.383333
tichiris,45.9,26.866667
ticleni,44.883333,23.4
ticos-florea,46.866667,25.966667
ticos,46.85,25.95
ticusul-nou,45.916667,25.183333
ticvaniul-mare,45.135278,21.638056
ticvaniul-mic,45.116667,24.65
tifesti,46.516667,22.933333
tifesti,46.433333,27.55
tifesti,45.85,27.1
tifra,46.266667,23.666667
tiful,46.333333,27.883333
tiganasi,47.333333,27.466667
tiganasi,44.4325,22.501667
tiganescii,45.9,27.433333
tiganestii de cris,47.116667,22.283333
tiganestii-linie,44.8,25.083333
tiganesti,44.85,25.083333
tiganesti,46.616667,22.416667
tiganesti,44.733333,26.116667
tiganesti,43.9,25.366667
tigania,44.916667,25.85
tigania,45.916667,24.466667
tigara de jos,46.666667,27.2
tigarenc,44.716667,22.733333
tigaul,47.066667,24.333333
tighina,44.566667,24.283333
tiglina,45.416667,28.033333
tigoiul,45.466667,27
tigveni,45.133333,24.583333
tiha-bargaului,47.233333,24.766667
tihau,47.216667,23.35
tihuta,47.25,24.983333
tilalmas,46.85,25.5
tilecus,47.016667,22.233333
tilisca,45.8,23.85
timisesti,47.233333,26.55
timisu de jos,45.583333,25.616667
timisu de sus,45.533333,25.566667
tina,44.85,23.8
tinaud,47.05,22.433333
tincani,46.633333,25.683333
tinca,46.766667,21.95
tincova,45.566667,22.15
tinoasa,45.616667,26.883333
tinosul,44.816667,26.016667
tintea,45.05,25.9
tintestii,45.116667,25.816667
tintesti-pogoanele,45.083333,26.866667
tintirim,47.333333,26.8
tiocu de jos,47.05,23.666667
tiocu de sus,47.066667,23.65
tioltiur,47.016667,23.733333
tiparesti,45.083333,25.95
tipar,46.483333,21.633333
tipilesti,47.3,27.466667
tirac,47.7,23.033333
tircu,46.783333,25
tiream,47.616667,22.466667
tirgu dealului,44.85,24.95
tirgusor-gara,44.466667,28.416667
tirici,45.466667,23.466667
tirisneag,44.2,24.783333
tirol,45.329722,21.599444
tisa silivestri,46.65,27.133333
tisa,46.433333,26.716667
tisa,45.95,22.466667
tisa,47.95,23.966667
tisa,45.133333,26.316667
tisau,45.166667,26.516667
tisauti,47.616667,26.3
tisculesti,45.066667,24.3
tisesti,46.266667,26.616667
tiseul,46.766667,25
tismana,45.05,22.966667
tismana,44.533333,22.666667
tisovica,44.516667,22.2
tiszafalva,46.266667,22.55
titesti,45.416667,24.4
titireciu,45.1,24.216667
titirlesti,45.016667,22.783333
titul,44.65,25.533333
titu,46.183333,27.266667
tiul,44.433333,23.383333
toader,45.411389,20.962778
toarcla,45.9,24.733333
toboliul,47.033333,21.733333
tochile,46.4,27.4
tocila,46.616667,26.75
tocileni,47.7,26.783333
tocileni,45.3,26.516667
toculestii,45.033333,25.366667
todereni,46.516944,28.116389
toderita,45.783333,25.066667
todiresti,46.85,27.366667
tofalau,46.583333,24.65
tofalva,45.833333,26.016667
toflea,46.066667,27.316667
tohani,45.066667,26.433333
tohat,47.483333,23.3
toiaga,44.7,23.65
tojania,45.766667,26.733333
tok,46.016667,22.316667
toldalag,46.7,24.583333
tolesti,47.383333,26.483333
tolia mica,45.8,23.05
tolici,47.1,26.433333
toltia,45.8,23.033333
toma,44.816667,21.866667
tomeni,44.3,24.35
tomesti,46.216667,22.65
tomesti,47.116667,27.683333
tomesti,46.35,27.583333
tomis nord,44.2,28.616667
tomnatec,46.466667,23.166667
tomnatec,46.266667,22.8
tomozei,46.433333,27.25
tomsanca,44.616667,24.933333
tomsani,44.633333,25.5
tomsa,46.566667,27.983333
tomulesti,45.066667,24.533333
tomulesti,43.983333,25.633333
tonciul,46.783333,24.55
tonciu,47,24.366667
tonea,44.2,27.4
tonoi,46.9,23.7
topa de cris,46.983333,22.566667
topa de jos,46.85,22.233333
topa de sus,46.866667,22.25
topal,44.55,28.05
topa mica,46.95,23.383333
toparcea,45.883333,23.95
topa,46.25,24.883333
topestii,45.083333,22.983333
topesti,46.866667,22.116667
topesti,45.9,26.75
topile,47.266667,26.666667
topla,45.9,22.033333
topla,45.05,22.45
topliceni,47.1,25.916667
toplita,46.25,22.8
toplita,47.366667,23.466667
toplita,45.3,23.033333
topolicenii de sus,47.116667,25.9
topolog,44.883333,28.366667
toporasti,46.7,27.416667
toporul,44.010556,25.652778
topraisari,44.016667,28.45
torba,46.55,24.883333
torcesti,45.7,27.483333
tordatfalva,46.383333,25.1
torjas,46.083333,22.3
torja,46.033333,26.05
torocpatac,46.8,25.5
tortoman,44.35,28.216667
totea de frumusei,44.866667,23.6
totea de hurezani,44.816667,23.616667
totea de viersani,44.85,23.566667
totesti,47.066667,26.6
totoiul,46.116667,23.65
tovarasia,44.7,27.633333
traian,46.633333,27.033333
traian,45.183333,27.733333
traian,44.466667,28.683333
traian,45.45,27.866667
traian,44.766667,27.333333
traian,46.983333,26.9
traian,44.016667,24.45
traian,46.833333,26.566667
traian,43.766667,25
traisteni,45.35,25.716667
trampoaiele,46.15,23.15
tranis,47.333333,23.3
trasnitu,44.433333,25.133333
treaptu,45.133333,24
trenu,45.183333,26.266667
trepteni,44.866667,24.366667
tresnea,47.1,23.116667
trestenciu-tomulesti,43.966667,25.616667
trestenic,45.083333,28.583333
trestia,46.016667,22.933333
trestia,47.566667,23.8
trestia,47.116667,23.333333
trestienii de jos,44.866667,26.233333
trestienii de sus,44.883333,26.216667
trestieni,45.316667,26.566667
trestieni,45.516667,27.016667
trestieni,44.509722,25.763056
trestioara,44.783333,23.183333
trestioara,45.15,25.95
trestioara,45.366667,26.35
trifesti,47.45,27.516667
trip,47.933333,23.383333
tritenii de sus,46.6,24
trivalea-mosteni,44.266667,25.233333
trocani,44.933333,23.383333
trohan,46.733333,27.283333
troian,45.083333,24.35
tronari,45.233333,26.433333
trotusanul,45.983333,27.083333
trufinesti,44.5,24.633333
trusesti,47.766667,27.016667
tudorachesti,45.1,26.5
tudor vladimirescu,45.216667,27.8
tudor vladimirescu,43.866667,24.45
tudor vladimirescu,45.183333,28.8
tufani,44.8,26.316667
tufari,44.733333,22.416667
tufarul,44.766667,24.433333
tufele,45.866667,27.083333
tufeni din deal,44.383333,24.8
tufeni din vale,44.366667,24.783333
tufeni,45.05,25.833333
tufestii de sus,46.916667,27.616667
tufesti,44.766667,24.883333
tufesti,45.05,27.816667
tuglui,44.183333,23.816667
tuguresti,44,23.883333
tuicani,44.966667,25.633333
tulburea,45.333333,26.466667
tulburea-valeni,45.2,26.116667
tulbureni,47.716667,26.7
tulca-catun,46.783333,21.766667
tulca,46.783333,21.783333
tulcea,45.166667,28.8
tulesti,46.6,27.316667
tulghies,47.5,23.366667
tulucesti,45.566667,28.033333
tunarii noi,43.933333,23.133333
tunarii,44.55,26.15
tunarii vechi,43.9,23.116667
tunari,45.116667,25.483333
tunari,44.65,22.766667
tunari,44.135278,25.585
tunel,47.366667,24.816667
tungujei,46.933333,27.366667
tunsesti,46.483333,27.65
tunsi,44.916667,23.45
tupilati,47.066667,26.633333
tupilati,46.383333,27.966667
tupsani,44.933333,23.55
turburea de jos,44.716667,23.516667
turburea de sus,44.733333,23.516667
turburea,45.333333,24.7
turbuta,47.25,23.316667
turceni de jos,44.65,23.4
turcheni-valea rece,46.583333,26.05
turcinesti,45.1,23.333333
turciti,44.833333,23.466667
turcoaia,45.116667,28.183333
turculesti,44.833333,25.05
turdas,46.3,23.916667
turdas,45.85,23.116667
turea,46.85,23.35
turia,44.45,24.466667
turloesti,45.483333,26.766667
turluianu,46.45,26.633333
turnul-magurele,43.75,24.866667
turtaba,44.980556,22.694167
turt,47.983333,23.216667
tur,47.883333,23.383333
turturesti,45.116667,26.633333
turturesti,46.933333,26.45
turulung,47.933333,23.083333
tusa,47.05,22.766667
tusinul,46.733333,24.233333
tusnad nou,46.2,25.883333
tustea,45.6,22.85
tutana,45.05,24.666667
tuta,46.25,26.683333
tutcanii din deal,46.8,26.766667
tutcanii din vale,46.783333,26.766667
tutcani,46.166667,27.933333
tutora,47.133333,27.783333
tutulesti,45.383333,24.283333
tuzla,44,28.633333
ucea de jos,45.783333,24.666667
ucea de sus,45.75,24.683333
ucea,45.733333,24.683333
ucuris,46.633333,21.95
uda-clocociov,43.9,24.716667
uda de sus,44.933333,24.583333
uda-paciurea,43.883333,24.716667
udatii-lucieni,44.983333,26.966667
udatii-manzu,44.983333,26.95
udenii,44.816667,25
udeni,44.466667,25.433333
udesti,47.566667,26.416667
udresti,44.883333,25.466667
udresti,45.116667,26.283333
udupu,44.4,25.133333
uesti,44.355,25.617222
uglena,44.623889,22.019722
ugrapataka,46.516667,26
ugrutiul,47,23.366667
uibaresti,46.2,22.75
uilac,46.316667,24.883333
uila,46.933333,24.616667
uileacu de cris,47.083333,22.216667
uileacu de munte,47.116667,22.016667
uioara de sus,46.383333,23.883333
ulareasa,44.7,23.633333
ulcciug,47.433333,23.183333
ulea,46.416667,27.733333
ulenil,45.266667,24.783333
ulesti,44.616667,26.7
uliesi,46.733333,24.333333
uliesti-dambovita,44.583333,25.416667
ulies,45.966667,22.616667
ulmenii-pamanteni,44.15,26.7
ulmenii-ungureni,44.15,26.733333
ulmeni,45.066667,26.65
ulmeni,47.466667,23.3
ulmeni,44.633333,23.416667
ulmeni,43.9,25.1
ulmetelu,45.116667,24.233333
ulmetul,44.683333,23.65
ulmetu,45.1,25.483333
ulmii-ornesti,44.486667,25.780278
ulmi,44.9,25.5
ulmoasa,47.733333,23.533333
ulm,45.783333,22.75
ulmul,44.266667,26.916667
umbraresti-slobozia,45.716667,27.466667
umbraresti,45.85,27.916667
uncestii,47.516667,26.333333
uncesti,46.85,26.8
uncesti,46.8,27.583333
uncioaia,45,23.183333
unciuc,45.533333,22.883333
ungheni-prut,47.2,27.783333
ungheni,47.266667,26.5
ungheni,44.5,24.966667
unghiu,47.033333,26.55
ungra,45.983333,25.266667
unguras,47.633333,23.683333
ungureii,44.283333,24.75
ungurei,46.016667,23.833333
ungurelu,44.966667,23.55
ungurena,44.7,23.1
ungureni-isacescu,47.883333,26.816667
ungurenii,45.916667,27.466667
ungureni,44.85,24.533333
ungureni,44.866667,25.383333
ungureni,44.4,23.933333
ungureni,44.9,23.233333
ungureni,47.55,23.95
ungureni,44.933333,25.816667
unguriul,45.283333,26.633333
unguri,46.35,27.183333
unimat,47.516667,22.75
unirea,46.4,23.816667
unteni,47.8,26.783333
urca,46.55,23.95
urcu,44.835,21.833611
urda de jos,44.633333,23.616667
urdarii de jos,44.8,23.3
urdesti-sat,46.35,27.933333
urdesti-targ,46.35,27.95
urdinita,44.383333,23.433333
urechesti de sus,46.133333,27.066667
urechestii,46.133333,27.083333
urechesti,44.95,23.266667
uria,44.083333,24.583333
uricani,47.15,27.466667
uricari,46.566667,27.35
uric,45.466667,23.083333
uriul-de-sus,47.2,24.05
uriu,45.866667,23.033333
urlati,46.565,28.050833
urlatori,45.266667,26.733333
urleasca,45.133333,27.65
urleni,44.483333,24.783333
urlesti,45.9,27.783333
urleta,45.1,25.783333
urlichioi,44.016667,28.533333
urlucea,44.866667,25.016667
urluia,44.1,27.916667
ursad,46.683333,22.083333
ursani,45.183333,23.966667
ursaresti,47.05,26.916667
ursati,45.083333,23.233333
ursa,43.783333,24.633333
urseita,44.8,23.216667
urseiul,45.133333,25.55
ursici,45.6,23.083333
ursita,47,27.4
ursi,44.75,24.45
ursoaei,47.266667,27.383333
ursoaia,44.983333,24.65
ursoaia,46.683333,26.966667
ursoaia,45.25,26.466667
ursoaia,46.65,27.4
urvind,47.066667,22.283333
urvis-beliu,46.683333,22.15
urzica mare,44.016667,23.6
urzicari,45.1,24.3
urzica,44.916667,23.816667
urziceni,44.716667,26.633333
urzicuta,44.016667,23.55
uscaci,44.6,23.583333
usurei,44.966667,23.3
usurei,44.633333,24.1
utashazu,46.566667,24.916667
uzinele sigismund,46.45,25.4
uzlina,45.066667,29.233333
uzunul,44.145278,25.966389
vacareasca,44.85,26.716667
vacarea,44.966667,23.316667
vacarea,45.116667,25.033333
vacareni,45.316667,28.2
vacaresti,44.85,25.483333
vacaresti,46.466667,25.8
vacaresti,44.9,24.4
vaceni,44.068056,25.534444
vacesti,44.333333,25.233333
vaculesti,47.883333,26.416667
vadad,46.6,24.783333
vadasd,46.45,24.816667
vadastra,43.866667,24.366667
vadastrita,43.85,24.333333
vadeni,45.366667,27.933333
vadeni,46.065278,28.080556
vadu anei,44.416667,26.35
vadu dobrei,45.683333,22.55
vadu lat,44.344722,25.672222
vadul negrilesei,47.383333,25.85
vadul-oii,44.733333,27.866667
vadul-parului,44.933333,26.2
vadul-pasii,45.166667,26.9
vadul-rosca,45.633333,27.45
vadul-stanchii,44.533333,25.483333
vadul-vejei,47,27.25
vadul vladichi,47.816667,25.95
vadurele,46.733333,26.566667
vadurele,46.916667,26.25
vadurele,47.333333,23.35
vaduri,46.916667,26.233333
vadu rosca de jos,45.616667,27.416667
vad,45.783333,25.133333
vad,47.2,23.75
vad,47.516667,23.716667
vad,47.016667,26.55
vaeni,45.033333,22.833333
vagani,46.933333,25.283333
vagas,48.1,23.2
vagiulesti,44.716667,23.083333
vaianu,44.936944,22.9625
vaidacuta,46.416667,24.516667
vaida,47.25,22
vaideeni,45.166667,23.933333
vaideiul,46.483333,24.316667
vaidei,45.866667,23.3
vajdaszentivany,46.7,24.633333
vajiitoarea,45.483333,27.3
valala,43.783333,28.316667
valani-beius,46.7,22.233333
valani,46.633333,22.033333
valari,45.15,23.216667
valar,45.683333,22.733333
valcanesti,45.116667,25.933333
valcani,46.016667,20.4
valcau de jos,47.116667,22.733333
valcau unguresc,46.783333,23.033333
valceaua,44.966667,23.016667
valcelele-bune,45.65,23.05
valcelele de jos,44.283333,24.533333
valcelele-rele,45.666667,23.066667
valcelele,45.083333,26.633333
valcelele,45.7,27.15
valcele,46.3,26.6
valcele,45.35,27.333333
valcele,45.083333,23
valchid,46.166667,24.583333
valdeni-podgoria,44.866667,24.966667
valea-adanca,47.133333,27.533333
valea agrisului,46.566667,23.516667
valea alba,47.066667,26.533333
valea alba,44.1,25.6
valea alunului,44.69,22.950833
valea anei,45.3,26.183333
valea anilor,44.366667,22.921389
valea-aninilor,46.5,26.5
valea arini,47.116667,26.283333
valea babei,46.333333,27.333333
valea banului,46.9,22.133333
valea banului,45.35,26.516667
valea bisericii,44.683333,22.966667
valea bolvasnica,44.944722,22.3875
valea borului,45.3,26.05
valea botului,46.516667,27.166667
valea boului,46.416667,27.266667
valea bourei,47.433333,26.5
valea bradului,46.15,22.816667
valea bradului,45.1,25
valea bradului,46.516667,25.133333
valea bradului,45.166667,25.583333
valea brazilor,45.05,24.683333
valea bucurului,46.316667,23.366667
valea bulzului,46.066667,23.283333
valea buna,44.633333,23.116667
valea butii,45.083333,24.783333
valea calda,46.85,24.166667
valea calugareasca,44.966667,26.15
valea calului,45.15,24.633333
valea campului,46.316667,26.5
valea-canepei,45.083333,27.816667
valea caprei,45.15,26.466667
valea caseiului,47.2,23.866667
valea caselor,45.35,25.166667
valea caselor,46.716667,27.2
valea ciuciului,46.45,24.033333
valea ciurenilor,47.2,23.516667
valea cocu,44.95,24.5
valea codrului,46.333333,26.583333
valea copcii,44.633333,22.75
valea cosustei,44.707778,22.915556
valea crangului,45,26.25
valea crisulu,45.916667,25.783333
valea cu apa,44.85,23.233333
valea cu apa,46.166667,27.416667
valea dacilor,44.2,28.316667
valea dadei,44.816667,25.266667
valea daljii,45.516667,22.883333
valea de jos,46.45,26.9
valeadeni,45.4,22.016667
valea desului,44.833333,23.566667
valea de sus,46.433333,26.866667
valea draganului,46.916667,22.883333
valea dragului,44.212222,26.303611
valea dulce,45.116667,26.2
valea enei,46.8,27.15
valea fantanei,45.35,26.416667
valea faurului,45.2,24.783333
valea fetei,44.633333,24.333333
valea florilor,46.666667,23.866667
valea foii,45.3,25.066667
valea glodului,45.1,25.283333
valea gradistei,44.883333,23.8
valea grajdului,47.866667,26.733333
valea grecului,46.716667,28.1
valea grosilor,47.233333,23.75
valea hogea,46.716667,27.266667
valea hotarului,45.75,24.2
valea hotului,44.575833,22.830278
valea hranei,47.216667,23.55
valea itului,45.183333,25.083333
valea larga-sarulesti,45.516667,26.766667
valea larga,44.966667,26.216667
valea larga,45.516667,26.883333
valea larga,45.15,25.25
valea leurzei,45.166667,25.483333
valea loznei,47.266667,23.5
valea lui albu,44.7,24.316667
valea lui dan,45.083333,25.583333
valea lui darie,46.45,27.933333
valea lui dragomir,45.4,26.633333
valea lui enache,45.083333,24.633333
valea lui ion,46.7,26.616667
valea lui lalu,45.45,26.866667
valea lui mihai,47.516667,22.15
valea lui patru,44.466667,23.516667
valea lui stroe,44.516667,23.483333
valea lunga-cricovu,45.066667,25.583333
valea lunga maghiara,45.75,21.95
valea lunga,46.083333,22.783333
valea lunga,45.983333,22.683333
valea lunga,47.2,27.633333
valea lunga,46.2,24.416667
valea lunga,47.166667,23.516667
valea lunga,46.15,27.816667
valea lunga,45.15,25.65
valea lupsei,46.383333,23.233333
valea lupului,45.466667,23.116667
valea lupului,46.866667,24.483333
valea lupului,46.4,27.233333
valea lupului,45.366667,26.333333
valea macrisului,44.75,26.833333
valea manastirei,46.283333,23.483333
valea manastirei,45.033333,25.016667
valea manastirii,44.816667,22.95
valea marcului,44.516667,23.25
valea mare de codru,46.816667,22.083333
valea mare de cris,46.2,22.683333
valea mare dimbovita,45.283333,25.083333
valea mare-negresti,46.816667,27.45
valea mare noua,44.466667,24.433333
valea mare,45.983333,22.233333
valea mare,47.466667,24.95
valea mare,44.783333,25.233333
valea mare,45.066667,25.15
valea mare veche,44.466667,24.45
valea merilor,44.483333,24.666667
valea merilor,46.45,27.183333
valea mica,46.083333,23.283333
valea mica,46.383333,26.933333
valea milcovului,45.783333,26.816667
valea miniscului,44.916667,22
valea moldovei,47.466667,26.033333
valea morei,46.35,27.216667
valea morii,45.133333,25.483333
valea mosneagului,46.733333,27.216667
valea motrului,44.7,23.133333
valea muerii-de sus,44.583333,23.65
valea muscelului,45.166667,24.766667
valea nadrii,45.033333,24.883333
valea nadrului,45.8,22.85
valeanca,45.083333,26.516667
valea neagra,47.766667,23.616667
valea neagra,45.833333,26.633333
valea nucetului,45.016667,26.266667
valeanu,46.066667,22.55
valea oanei,46.666667,27.416667
valea oilor,47.233333,27.1
valea oprii,45.166667,25.7
valea orevita,44.738056,21.919444
valea orlei,44.966667,26.116667
valea pechii,45.183333,25.016667
valea perilor,44.583333,23.016667
valea petrei,44.583333,23.1
valea petri,44.666667,22.883333
valea pietrei,45,26.216667
valea plopului,45.283333,26.166667
valea podului,45.1,24.95
valea poenei,44.966667,26.166667
valea poenii,47.416667,26.583333
valea pojarului,44.933333,23.733333
valea popii,44.166667,26.55
valea popi,45.083333,25.033333
valea porcului,46.183333,23.05
valea porcului,45.466667,26.65
valea porumbului,44.483333,22.916667
valea postei,44.333333,25.266667
valea presnei,44.35,26.716667
valea putnei,47.483333,25.366667
valea putului-lipia,45.15,26.666667
valea putului-merei,45.15,26.683333
valea rachitei,44.792778,21.868056
valea racilor,44.766667,23.266667
valea racului,47.366667,26.866667
valea ratei,45.416667,26.9
valea rea,44.5,23.616667
valea rea,47.383333,23.4
valea rea,46.75,27.75
valea rece,46.583333,26
valea rizii,45.05,24.9
valea roatei,45.316667,26.466667
valea rosie,44.824167,21.814722
valea rosie,44.183333,26.633333
valea rusului,44.383333,27
valea saca,48.083333,23.166667
valea sadului,45.166667,23.383333
valea salciilor,45.2,26.583333
valea sangeorgiului,45.733333,23.066667
valea sasului,46.283333,24.033333
valea sasului,45.116667,24.683333
valea satului,46.183333,23.033333
valea satului,44.9,24.583333
valea satului,44.45,23.9
valea satului,46.95,27.533333
valea scheilor,45.05,26.383333
valea schiopului,45.433333,26.883333
valea seaca,47.283333,26.666667
valea seaca,44.416667,26.9
valea secii,44.7,24.466667
valea seimani,45.016667,26.3
valea sibiciului,45.35,26.366667
valea sichevitei,44.750833,21.868056
valea-silisteii,45.183333,24.9
valea silistei,46.733333,27.8
valea singatinului,45.883333,23.85
valea slimnicului,45.933333,24.083333
valea soarelui,44.033333,24.266667
valea stalpului,45.2,26.016667
valea stanei,44.983333,24.966667
valea stanei,47.55,25.183333
valea stanei,45.466667,26.783333
valea stanei,44.25,26.616667
valea stefanului,45.366667,26.533333
valea stejarului,47.883333,23.983333
valea stejarului,44.916667,23.85
valea-tarnei,47.15,22.533333
valea teancului,45.183333,26.7
valea turcilor,44.566667,23.283333
valea uleiului,45.183333,24.683333
valea unghiului,45.25,24.55
valea unghiului,45.116667,26.416667
valea ungurasului,47.083333,24.116667
valea urloi,45.016667,26.283333
valea ursului,44.566667,23.05
valea ursului,46.816667,27.083333
valea ursuluj,44.986111,22.728889
valea vadului,46.55,23.416667
valea vai de ei,44.666667,24.416667
valea vaselor,45.2,24.383333
valea viei,44.733333,23.333333
valea viei,45.316667,26.333333
valea viilor,46.083333,24.283333
valea vii,47.5,23.65
valea vintului,46.016667,23.466667
valea vinului,47.716667,23.183333
valea visaului,47.916667,24.166667
valea zalanului,46.016667,25.75
valeni- dimbovita,45.166667,25.183333
valenii lapusului,47.4,23.783333
valenii somcutei,47.466667,23.45
valenii,44.733333,23.383333
valenii,46.066667,27.166667
valenii,44.233333,24.783333
valeni-stanisoara,47.383333,26
valeni,45.75,23.2
valeni,45.95,24.966667
valeni,46.9,26.383333
valeni,44.3,24.3
valeni,46.083333,24.1
valeni,45.083333,24.116667
vale,47.066667,23.716667
vale,45.783333,23.9
valioara,45.616667,22.783333
valisoara,46.383333,23.566667
valisoara,46.05,22.85
valisoara,45.316667,22.283333
valiug,45.233333,22.033333
valsanestii,45.183333,24.8
valuta de sus,44.65,23.7
vama magura,45.516667,22.5
vama seaca,46.333333,23.95
vama,47.116667,27.25
vama,47.833333,23.4
vama,47.566667,25.683333
vamei,47.433333,26.583333
vamesu,45.4,27.8
vames,45.55,27.716667
vanata,45.05,22.983333
vanatorii-mari,44.487778,25.543333
vanatorii mici,44.490278,25.558889
vanatori,46.633333,21.666667
vanatori,46.95,22.866667
vanatori,47.75,26.866667
vanatori,45.533333,28.016667
vanatori,47.233333,27.533333
vanatori,44.242778,22.928889
vanatori,46.9,26.4
vanatori,45.733333,27.25
vanatori,43.766667,25.15
vanatori,44.6,26.3
vanesti,44.633333,24.366667
vanjuletu,44.441111,22.7925
vanjul-mare,44.425278,22.869722
varaiu,47.383333,23.45
varasau,47.15,22.266667
varaseni,46.766667,22.216667
varastii de jos,44.6,26.216667
varastii,44.237778,26.248611
varasti,44.216667,26.966667
varatecii,45.333333,24.283333
varateci,45.15,24.433333
varatec,47.633333,26.383333
varatici,46.283333,26.65
varbilau,45.183333,25.95
varbila,45.05,26.2
varciorog,46.966667,22.3
varciorova,45.316667,22.35
varciorova,44.716667,22.483333
vard,45.95,24.6
varfurenii,45.183333,25.25
varfurile,45.1,25.516667
varghis,46.133333,25.533333
vargolici,48.016667,26.566667
variasul mic,46.283333,21.166667
variasul,46.266667,21.166667
varias,46.016667,20.95
varlaam,44.245,26.088333
varlanesti,46.466667,27.166667
varlezi,45.9,27.85
varnita,45.966667,26.966667
varnita,44.816667,25.933333
varsandu nou,46.616667,21.35
varsaroaia,45.15,24.833333
varsatura padureni,45.783333,27.033333
varsatura,45.233333,27.933333
varsaturi,45.033333,23.333333
varsolt,47.2,22.933333
vars,46.333333,23.116667
vartejul-nefliu,44.357222,25.990278
vartescoiu,45.733333,27.083333
vartina,44.366667,24.066667
vartoapele-de-jos,44.183333,25.2
vartoapele-de-sus,44.2,25.2
vartopul mare,44.896389,22.085556
vartopul,44.913056,22.975
vartopul,43.816667,24.4
vartopu,44.592222,22.041944
vartop,44.2,23.35
vartu,44.95,23.133333
var,45.45,22.3
var,47.233333,23.3
varvata,47.616667,26
varviz,47.216667,22.433333
varvorul,44.233333,23.633333
varzari,47.2,22.466667
varzarul,44.933333,24.783333
vasad,47.516667,22.266667
vascani,47.266667,26.866667
vascauti,47.966667,26.033333
vasiesti,46.433333,26.45
vasilache,47.8,26.133333
vasilatii-poporul,44.287778,26.4475
vasile roaita,46.566667,26.916667
vaslab,46.65,25.633333
vasoaia,46.233333,22.05
vasuiul,45.866667,26.716667
vata de jos,46.183333,22.6
vatajelul,44.366667,23.933333
vatasesti,45.116667,24.466667
vata,44.75,24.666667
vatra minastirii cotroceni,44.416667,26.066667
vatra moldovitei,47.65,25.566667
vatra,48.15,26.533333
vatra veche,45.266667,27.966667
vecerd,45.983333,24.45
vechea,46.9,23.516667
vecze,46.55,24.716667
vejte,45.468889,21.239167
vela,44.283333,23.416667
velea,44.283333,25.816667
velencze,46.066667,26.266667
velesti,44.6,23.783333
velt,46.233333,24.266667
venchiu,46.25,24.766667
veneta de jos,45.866667,25.2
veneta de sus,45.85,25.233333
verbicioara,44.283333,23.183333
verbita,44.3,23.166667
vercicani,47.533333,26.583333
verdea,44.7,24.216667
verdea,46,26.9
verendin,45.083333,22.233333
verestii-de-jos,46.45,26.7
veres,45.233333,26.266667
vermes,47,24.316667
vernesti,45.216667,26.733333
verseni,47.116667,26.633333
versesti,46.983333,26.483333
verveghiu,47.316667,23.1
vesaus,46.266667,24.133333
veseud-agnita,45.933333,24.65
veseud-seica,45.966667,24.2
vestem,45.716667,24.233333
vetelul,44.966667,23.983333
vetisoara,44.766667,24.633333
vetresti,45.8,26.65
vetrisoaia,46.43,28.208333
veza,46.166667,23.933333
vezendin,47.583333,22.433333
vicea,47.45,23.233333
vicolenii mari,47.883333,26.85
vicoleni,47.883333,26.833333
vicovu de jos,47.9,25.733333
vicovu de sus,47.933333,25.683333
victoria,44.816667,27.616667
vida cirtojani,44.278056,25.524444
vidacutul,46.333333,24.9
vidimiresti,44.866667,22.816667
vidinu,44.916667,23.516667
vidolm,46.483333,23.516667
vidra,45.916667,26.9
vidra,44.260556,26.169722
vierasi,43.916667,24.983333
vierosii,44.9,24.9
viersani,44.866667,23.516667
vierul,43.883333,25.8
viespesti,44.05,24.65
viezuri,45.05,23.383333
viforata,45.333333,26.616667
viforata,44.966667,25.45
viforeni,46.583333,27.1
viforeni,47.766667,26.933333
viile apei,47.766667,23.3
viile dejului,47.166667,23.833333
viile iojibului,47.816667,23.15
viile jacului,47.166667,23.2
viile-satmarului,47.666667,22.95
viisoara clacasi,44.233333,24.116667
viisoara mosneia,44.233333,24.133333
viisoara,46.283333,26.666667
viisoara,44.233333,24.466667
viisoara,43.783333,25.166667
vilanesti,45.1,26.516667
vilcelele,47.433333,27.366667
vilcelele,44.383333,27.166667
vilcindorf,46.15,24.85
viltori,46.133333,23.216667
viltotesti,46.366667,27.866667
vima mica,47.4,23.716667
vinatoresti,47.8,22.983333
vinderei,46.15,27.8
vinerea,45.883333,23.366667
vinesti,46.016667,22.216667
vinesti,44.683333,24.583333
vinetesti,46.633333,27.9
vinetisul,45.466667,26.333333
vintere,46.766667,22.15
vintilesti,45.066667,27.566667
viorica,43.933333,24.916667
virismort,45.966667,22.133333
virtej,45.7,26.1
virtesca,47.183333,23.5
visagul,46.833333,22.816667
visani,45.15,27.283333
visa,46.866667,23.866667
visca,46.066667,22.65
viscri,46.05,25.083333
viseu de mijloc,47.716667,24.4
visina noua,43.866667,24.416667
visina,44.583333,25.333333
visoi,44.95,23.033333
vispesti-vilanesti,45.116667,26.533333
vistea de jos,45.783333,24.733333
vistea de sus,45.733333,24.75
vistea,46.8,23.4
visterna,44.866667,28.766667
visteru,45.233333,25.7
visuia,46.833333,24.3
vitanestii,45.883333,27.033333
vitanesti,44.55,24.683333
vitanu,44.4,26.133333
vitcani,47.95,26.2
vitichesti,44.833333,25.066667
vizantea-manastireasca,45.983333,26.783333
vizantea-razeseasca,45.966667,26.8
vizireni,45.1,27.2
vizirul,45.016667,27.7
vizma,45.916667,21.833333
vizureni,46.083333,27.583333
vizuresti,44.633333,25.8
vladaia,44.35,23.033333
vladasesti,44.65,23.15
vladenii,45.133333,24.983333
vladeni-margineni,44.883333,25.766667
vladeni,47.716667,26.516667
vladeni,45.766667,25.366667
vladeni,44.616667,27.883333
vladeni,47.416667,27.333333
vladeni,47.983333,26.166667
vladesti-de sus,45.166667,24.916667
vladesti,45.85,28.083333
vladesti,46.45,27.7
vladiceasca,44.35,26.8
vladiceni,47.133333,27.65
vladiceni,46.933333,26.666667
vladiceni,45.133333,24.266667
vladila noua,44.016667,24.416667
vladila veche,44,24.4
vladnicele,46.983333,27.166667
vladnicu de sus,46.116667,27.35
vladnic,46.45,27.133333
vladoi,45.183333,23.7
vladomira,47.416667,27.566667
vlad tepes,44.35,27.083333
vlad tepes,44.132778,26.129722
vladuleasa,45.633333,27.316667
vladuleni,44.266667,24.316667
vladulesti,44.916667,24.333333
vladuta,44.633333,24.883333
vlaha,46.7,23.45
vlahii,44.2,27.866667
vlaicii de sus,44.683333,24.65
vlaiculesti,44.583333,26.666667
vlajeni,47.35,25.3
vlangaresti,44.716667,24.35
vlascenii,44.5,25.766667
vlasia,44.666667,26.2
vocotesti,47.083333,27.466667
voda dragos,44.433333,27.15
vodnic,45.246389,21.800833
voetenu,45.433333,27.133333
voetesti din vale,45.083333,23.416667
voetestii din deal,45.1,23.433333
voevoda,43.85,25.133333
voevodeasa,47.8,25.766667
voia,46.033333,23.05
voica,46.566667,23.333333
voicestii de mijloc,44.6,24.283333
voiculeasa,44.816667,24.1
voila,45.816667,24.85
voineasa mare,44.283333,24.133333
voineasa mica,44.266667,24.166667
voineasa,45.416667,23.95
voineseii,44.983333,26.6
voinesti,45.066667,25.25
voinesti,45.4,27.733333
voinesti,45.033333,23.2
voinesti,47.066667,27.416667
voislova,45.533333,22.45
voitinel,47.883333,25.766667
voivodenii mari,45.783333,24.866667
voivodenii mici,45.766667,24.85
voivodeni,47.05,23.433333
voloiacu,44.616667,23.1
voloicelul,44.616667,23.05
voloscani mari,45.916667,26.916667
volovat,47.816667,25.9
vorniceni,47.566667,26.133333
vorona-dobrovolschi,47.566667,26.633333
vorona mare,47.55,26.616667
vorona noua,47.6,26.633333
vorona teodoru,47.55,26.6
voronet,47.533333,25.866667
vorta,46.016667,22.683333
vovriesti,46.866667,27.183333
vrajitorul,46.633333,27.116667
vranca,44.545278,22.598056
vrancenii,46.216667,26.9
vrancioaia,45.85,26.733333
vranesti,44.85,25.016667
vraniuc,45,21.55
vrani,45.038333,21.4925
vrata,44.191944,22.844444
vrelea,45.466667,24.316667
vulcana de sus,45.1,25.35
vulcaneasa,45.783333,26.9
vulcan,45.383333,23.266667
vulcez,45.9,22.8
vuliva,47.916667,25.85
vulpanesti,46.966667,27.066667
vulpaseni,46.366667,27.666667
vulpesti,44.8,24.366667
vulpuesti,45.05,24.233333
vultureanca,44.6,25.233333
vultureni,47.85,26.75
vultureni,46.966667,23.566667
vultureni,46.333333,27.3
vulturesti-de sus,45.083333,25.1
vulturesti,44.733333,24.316667
vulturesti,46.816667,27.533333
vulturu de jos,45.6,27.433333
vurpar,46,23.466667
vutcani,46.466667,27.966667
zabala,45.9,26.183333
zaboloteni,47.483333,27.5
zabratau,45.616667,26.133333
zabreasca,44.316667,24.983333
zadariciul,44.473889,25.578333
zagancea,45.75,27.816667
zagar,46.35,24.616667
zagavia,47.416667,26.9
zagon,45.766667,26.116667
zagra,47.333333,24.283333
zagujeni,45.483333,22.15
zahanaua,44.883333,25.933333
zahana,44.316667,23.733333
zaharesti,47.583333,26.15
zaharesti,45.3,26.366667
zahorna,47.266667,27.466667
zaicesti,47.683333,26.716667
zajzon,45.633333,25.766667
zalan,45.95,25.816667
zalau,47.2,23.05
zalhanaua,44.9,25.833333
zalha,47.183333,23.533333
zamfiresti,45.183333,27.216667
zamora,45.416667,25.533333
zamostea,47.866667,26.2
zam,46.833333,23
zancani,46.933333,25.316667
zanesti,46.816667,26.55
zanoaga,44.15,24.1
zanoaga,44.866667,26.166667
zanoaga,44.116667,24.616667
zanoghi,45.1,22.466667
zanou,44.770833,21.835278
zaplazi,45.4,26.983333
zapodia,46.633333,27.066667
zarandhodos,46.366667,22.033333
zarandpatak,46.316667,22.35
zarand,46.4,21.65
zaries,46.183333,23.7
zarneni,44.633333,24.25
zarnesti,45.55,25.3
zarnesti,45.3,26.866667
zarnesti,46.016667,27.85
zasloane,44.750278,21.833889
zatreana,44.866667,23.216667
zatreni-biserica,44.766667,23.85
zatrenii de sus,44.766667,24.85
zauan,47.233333,22.666667
zavalul,43.85,23.833333
zavoiul-orbului,44.65,25.4
zavoiul,44.566667,24.666667
zavoiu,45.516667,22.416667
zbereni,47.383333,26.833333
zberesti,46.766667,26.65
zbil,44.95,28.766667
zboiul,44.125278,26.307222
zdrapti,46.15,22.866667
zece prajini,46.916667,27.2
zegaia,44.634444,22.831389
zegujani,44.803889,22.919444
zeicani,45.5,22.716667
zervesti,45.4,22.283333
zgribesti,45.533333,22.016667
zgubea,44.916667,23.9
zgura,46.566667,27.933333
zidurile,44.583333,25.166667
zigoneni,45.1,24.666667
zimandcuz,46.25,21.383333
zimandul-nou,46.283333,21.4
zimborul-mare,47,23.266667
zimmicelele,43.666667,25.4
zimnicea,43.666667,25.366667
zinca,44.6,25.4
zizinca,46.566667,27.75
zlagna,45.383333,22.3
zlagna,46.033333,24.466667
zlasteni,44.983333,23.25
zlasti,45.733333,22.866667
zlatareasa,46.366667,27.233333
zlatari,44.45,23.75
zlata,43.883333,25.016667
zlatica,44.8625,21.465556
zlatunoaia mica,47.65,26.983333
zlodica,47.366667,26.933333
zlotesti,44.35,25.183333
zmeu,47.183333,27.183333
zoicarul,44.45,26.45
zoitani,48.066667,26.966667
zoltan,45.933333,25.85
zolt,45.75,22.25
zorani,45.866667,22.266667
zoreni,46.9,24.283333
zorila,44.933333,23
zorileasca,44.416667,24.45
zorile,45.516667,22.033333
zorlencior,45.475278,22.003056
zorlesti,45.083333,23.716667
zugreni,47.4,25.516667
zurbana,44.489167,25.9125
zvoranesti,47.216667,26.566667
zvoristea,47.833333,26.283333
zvorsca,43.983333,24.166667
